-2 -64.5816 -64.5816 2 1 0
-1.97894 -64.5576 -64.5576 1 1 0
-1.95797 -64.5335 -64.5335 1 1 0
-1.91632 -64.4852 -64.4852 1 1 0
-1.86479 -64.4246 -64.4246 1 1 0
-1.81385 -64.3638 -64.3638 1 1 0
-1.7635 -64.3027 -64.3027 1 1 0
-1.71375 -64.2413 -64.2413 1 1 0
-1.6646 -64.1797 -64.1797 1 1 0
-1.61604 -64.1179 -64.1179 1 1 0
-1.56809 -64.0559 -64.0559 1 1 0
-1.52073 -63.9936 -63.9936 1 1 0
-1.47398 -63.9311 -63.9311 1 1 0
-1.42782 -63.8684 -63.8684 1 1 0
-1.38227 -63.8054 -63.8054 1 1 0
-1.33731 -63.7423 -63.7423 1 1 0
-1.29296 -63.6789 -63.6789 1 1 0
-1.2492 -63.6153 -63.6153 1 1 0
-1.20604 -63.5515 -63.5515 1 1 0
-1.16349 -63.4875 -63.4875 1 1 0
-1.12152 -63.4233 -63.4233 1 1 0
-1.08015 -63.359 -63.359 1 1 0
-1.03938 -63.2944 -63.2944 1 1 0
-0.999198 -63.2296 -63.2296 1 1 0
-0.959605 -63.1647 -63.1647 1 1 0
-0.9206 -63.0996 -63.0996 1 1 0
-0.88218 -63.0343 -63.0343 1 1 0
-0.844343 -62.9689 -62.9689 1 1 0
-0.807086 -62.9032 -62.9032 1 1 0
-0.770406 -62.8375 -62.8375 1 1 0
-0.7343 -62.7715 -62.7715 1 1 0
-0.698766 -62.7054 -62.7054 1 1 0
-0.663799 -62.6392 -62.6392 1 1 0
-0.629396 -62.5728 -62.5728 1 1 0
-0.595554 -62.5062 -62.5062 1 1 0
-0.56227 -62.4396 -62.4396 1 1 0
-0.529538 -62.3728 -62.3728 1 1 0
-0.497355 -62.3058 -62.3058 1 1 0
-0.465717 -62.2387 -62.2387 1 1 0
-0.434619 -62.1715 -62.1715 1 1 0
-0.404058 -62.1042 -62.1042 1 1 0
-0.374028 -62.0367 -62.0367 1 1 0
-0.344526 -61.9692 -61.9692 1 1 0
-0.315546 -61.9015 -61.9015 1 1 0
-0.287084 -61.8337 -61.8337 1 1 0
-0.259134 -61.7658 -61.7658 1 1 0
-0.231693 -61.6978 -61.6978 1 1 0
-0.204754 -61.6297 -61.6297 1 1 0
-0.178314 -61.5615 -61.5615 1 1 0
-0.152366 -61.4933 -61.4933 1 1 0
-0.126906 -61.4249 -61.4249 1 1 0
-0.101928 -61.3564 -61.3564 1 1 0
-0.0774267 -61.2878 -61.2878 1 1 0
-0.0533974 -61.2192 -61.2192 1 1 0
-0.0298345 -61.1505 -61.1505 1 1 0
-0.00673254 -61.0817 -61.0817 1 1 0
0.015914 -61.0128 -61.0128 1 1 0
0.0381104 -60.9439 -60.9439 1 1 0
0.0598623 -60.8749 -60.8749 1 1 0
0.0811752 -60.8058 -60.8058 1 1 0
0.102054 -60.7366 -60.7366 1 1 0
0.122506 -60.6674 -60.6674 1 1 0
0.142534 -60.5981 -60.5981 1 1 0
0.162146 -60.5288 -60.5288 1 1 0
0.181346 -60.4594 -60.4594 1 1 0
0.200141 -60.3899 -60.3899 1 1 0
0.218534 -60.3204 -60.3204 1 1 0
0.236533 -60.2509 -60.2509 1 1 0
0.254142 -60.1813 -60.1813 1 1 0
0.271368 -60.1116 -60.1116 1 1 0
0.288214 -60.0419 -60.0419 1 1 0
0.304688 -59.9722 -59.9722 1 1 0
0.320794 -59.9024 -59.9024 1 1 0
0.336537 -59.8326 -59.8326 1 1 0
0.351923 -59.7627 -59.7627 1 1 0
0.366958 -59.6928 -59.6928 1 1 0
0.381646 -59.6228 -59.6228 1 1 0
0.395993 -59.5529 -59.5529 1 1 0
0.410003 -59.4828 -59.4828 1 1 0
0.423683 -59.4128 -59.4128 1 1 0
0.437038 -59.3427 -59.3427 1 1 0
0.450071 -59.2726 -59.2726 1 1 0
0.462789 -59.2025 -59.2025 1 1 0
0.475197 -59.1323 -59.1323 1 1 0
0.487298 -59.0621 -59.0621 1 1 0
0.499099 -58.9919 -58.9919 1 1 0
0.510605 -58.9217 -58.9217 1 1 0
0.521819 -58.8514 -58.8514 1 1 0
0.532747 -58.7811 -58.7811 1 1 0
0.543393 -58.7108 -58.7108 1 1 0
0.553763 -58.6405 -58.6405 1 1 0
0.56386 -58.5701 -58.5701 1 1 0
0.57369 -58.4998 -58.4998 1 1 0
0.583256 -58.4294 -58.4294 1 1 0
0.592564 -58.359 -58.359 1 1 0
0.601618 -58.2885 -58.2885 1 1 0
0.610421 -58.2181 -58.2181 1 1 0
0.61898 -58.1477 -58.1477 1 1 0
0.627297 -58.0772 -58.0772 1 1 0
0.635376 -58.0067 -58.0067 1 1 0
0.643223 -57.9362 -57.9362 1 1 0
0.650842 -57.8657 -57.8657 1 1 0
0.658235 -57.7952 -57.7952 1 1 0
0.665408 -57.7247 -57.7247 1 1 0
0.672364 -57.6541 -57.6541 1 1 0
0.679107 -57.5836 -57.5836 1 1 0
0.685642 -57.513 -57.513 1 1 0
0.691971 -57.4425 -57.4425 1 1 0
0.698098 -57.3719 -57.3719 1 1 0
0.704028 -57.3013 -57.3013 1 1 0
0.709764 -57.2307 -57.2307 1 1 0
0.715309 -57.1601 -57.1601 1 1 0
0.720668 -57.0895 -57.0895 1 1 0
0.725843 -57.0189 -57.0189 1 1 0
0.730838 -56.9482 -56.9482 1 1 0
0.735656 -56.8776 -56.8776 1 1 0
0.740301 -56.807 -56.807 1 1 0
0.744776 -56.7363 -56.7363 1 1 0
0.749085 -56.6657 -56.6657 1 1 0
0.75323 -56.595 -56.595 1 1 0
0.757214 -56.5244 -56.5244 1 1 0
0.761042 -56.4537 -56.4537 1 1 0
0.764715 -56.3831 -56.3831 1 1 0
0.768237 -56.3124 -56.3124 1 1 0
0.771611 -56.2417 -56.2417 1 1 0
0.77484 -56.1711 -56.1711 1 1 0
0.777926 -56.1004 -56.1004 1 1 0
0.780873 -56.0297 -56.0297 1 1 0
0.783683 -55.959 -55.959 1 1 0
0.786359 -55.8883 -55.8883 1 1 0
0.788904 -55.8176 -55.8176 1 1 0
0.791321 -55.747 -55.747 1 1 0
0.793611 -55.6763 -55.6763 1 1 0
0.795778 -55.6056 -55.6056 1 1 0
0.797824 -55.5349 -55.5349 1 1 0
0.799752 -55.4642 -55.4642 1 1 0
0.801564 -55.3935 -55.3935 1 1 0
0.803263 -55.3228 -55.3228 1 1 0
0.80485 -55.2521 -55.2521 1 1 0
0.806329 -55.1814 -55.1814 1 1 0
0.807701 -55.1107 -55.1107 1 1 0
0.808969 -55.04 -55.04 1 1 0
0.810135 -54.9693 -54.9693 1 1 0
0.811202 -54.8985 -54.8985 1 1 0
0.812171 -54.8278 -54.8278 1 1 0
0.813045 -54.7571 -54.7571 1 1 0
0.813825 -54.6864 -54.6864 1 1 0
0.814514 -54.6157 -54.6157 1 1 0
0.815113 -54.545 -54.545 1 1 0
0.815626 -54.4743 -54.4743 1 1 0
0.816053 -54.4036 -54.4036 1 1 0
0.816396 -54.3329 -54.3329 1 1 0
0.816658 -54.2622 -54.2622 1 1 0
0.81684 -54.1915 -54.1915 1 1 0
0.816945 -54.1207 -54.1207 1 1 0
0.816974 -54.0586 -54.0586 1 1 0
0.816973 -54.0578 -54.0578 2 1 0
0.816936 -53.9871 -53.9871 2 1 0
0.816825 -53.9163 -53.9163 2 1 0
0.816644 -53.8456 -53.8456 2 1 0
0.816393 -53.7749 -53.7749 2 1 0
0.816074 -53.7042 -53.7042 2 1 0
0.815689 -53.6335 -53.6335 2 1 0
0.815239 -53.5628 -53.5628 2 1 0
0.814727 -53.4921 -53.4921 2 1 0
0.814153 -53.4214 -53.4214 2 1 0
0.813519 -53.3507 -53.3507 2 1 0
0.812826 -53.28 -53.28 2 1 0
0.812077 -53.2092 -53.2092 2 1 0
0.811272 -53.1385 -53.1385 2 1 0
0.810413 -53.0678 -53.0678 2 1 0
0.809501 -52.9971 -52.9971 2 1 0
0.808537 -52.9264 -52.9264 2 1 0
0.807523 -52.8557 -52.8557 2 1 0
0.80646 -52.785 -52.785 2 1 0
0.80535 -52.7143 -52.7143 2 1 0
0.804193 -52.6436 -52.6436 2 1 0
0.802992 -52.5729 -52.5729 2 1 0
0.801746 -52.5022 -52.5022 2 1 0
0.800457 -52.4315 -52.4315 2 1 0
0.799127 -52.3608 -52.3608 2 1 0
0.797757 -52.2901 -52.2901 2 1 0
0.796347 -52.2194 -52.2194 2 1 0
0.794899 -52.1487 -52.1487 2 1 0
0.793413 -52.078 -52.078 2 1 0
0.791892 -52.0072 -52.0072 2 1 0
0.790335 -51.9365 -51.9365 2 1 0
0.788744 -51.8658 -51.8658 2 1 0
0.78712 -51.7951 -51.7951 2 1 0
0.785464 -51.7244 -51.7244 2 1 0
0.783777 -51.6537 -51.6537 2 1 0
0.782059 -51.583 -51.583 2 1 0
0.780312 -51.5123 -51.5123 2 1 0
0.778537 -51.4416 -51.4416 2 1 0
0.776734 -51.3709 -51.3709 2 1 0
0.774904 -51.3002 -51.3002 2 1 0
0.773048 -51.2295 -51.2295 2 1 0
0.771166 -51.1588 -51.1588 2 1 0
0.769261 -51.0882 -51.0882 2 1 0
0.767332 -51.0175 -51.0175 2 1 0
0.76538 -50.9468 -50.9468 2 1 0
0.763406 -50.8761 -50.8761 2 1 0
0.76141 -50.8054 -50.8054 2 1 0
0.759394 -50.7347 -50.7347 2 1 0
0.757358 -50.664 -50.664 2 1 0
0.755302 -50.5933 -50.5933 2 1 0
0.753228 -50.5226 -50.5226 2 1 0
0.751136 -50.4519 -50.4519 2 1 0
0.749027 -50.3812 -50.3812 2 1 0
0.7469 -50.3105 -50.3105 2 1 0
0.744758 -50.2398 -50.2398 2 1 0
0.742599 -50.1691 -50.1691 2 1 0
0.740426 -50.0984 -50.0984 2 1 0
0.738238 -50.0277 -50.0277 2 1 0
0.736036 -49.957 -49.957 2 1 0
0.733821 -49.8863 -49.8863 2 1 0
0.731593 -49.8156 -49.8156 2 1 0
0.729352 -49.7449 -49.7449 2 1 0
0.727099 -49.6743 -49.6743 2 1 0
0.724834 -49.6036 -49.6036 2 1 0
0.722558 -49.5329 -49.5329 2 1 0
0.720272 -49.4622 -49.4622 2 1 0
0.717974 -49.3915 -49.3915 2 1 0
0.715667 -49.3208 -49.3208 2 1 0
0.713351 -49.2501 -49.2501 2 1 0
0.711025 -49.1794 -49.1794 2 1 0
0.70869 -49.1087 -49.1087 2 1 0
0.706347 -49.038 -49.038 2 1 0
0.703995 -48.9673 -48.9673 2 1 0
0.701636 -48.8966 -48.8966 2 1 0
0.699268 -48.826 -48.826 2 1 0
0.696894 -48.7553 -48.7553 2 1 0
0.694512 -48.6846 -48.6846 2 1 0
0.692123 -48.6139 -48.6139 2 1 0
0.689728 -48.5432 -48.5432 2 1 0
0.687326 -48.4725 -48.4725 2 1 0
0.684918 -48.4018 -48.4018 2 1 0
0.682504 -48.3311 -48.3311 2 1 0
0.680084 -48.2604 -48.2604 2 1 0
0.677658 -48.1897 -48.1897 2 1 0
0.675227 -48.1191 -48.1191 2 1 0
0.67279 -48.0484 -48.0484 2 1 0
0.670348 -47.9777 -47.9777 2 1 0
0.6679 -47.907 -47.907 2 1 0
0.665448 -47.8363 -47.8363 2 1 0
0.66299 -47.7656 -47.7656 2 1 0
0.660527 -47.6949 -47.6949 2 1 0
0.658059 -47.6242 -47.6242 2 1 0
0.655587 -47.5535 -47.5535 2 1 0
0.653109 -47.4829 -47.4829 2 1 0
0.650626 -47.4122 -47.4122 2 1 0
0.648139 -47.3415 -47.3415 2 1 0
0.645646 -47.2708 -47.2708 2 1 0
0.643149 -47.2001 -47.2001 2 1 0
0.640646 -47.1294 -47.1294 2 1 0
0.638138 -47.0587 -47.0587 2 1 0
0.635625 -46.988 -46.988 2 1 0
0.633106 -46.9173 -46.9173 2 1 0
0.630582 -46.8467 -46.8467 2 1 0
0.628052 -46.776 -46.776 2 1 0
0.625516 -46.7053 -46.7053 2 1 0
0.622975 -46.6346 -46.6346 2 1 0
0.620427 -46.5639 -46.5639 2 1 0
0.617872 -46.4932 -46.4932 2 1 0
0.615312 -46.4225 -46.4225 2 1 0
0.612744 -46.3518 -46.3518 2 1 0
0.610169 -46.2812 -46.2812 2 1 0
0.607587 -46.2105 -46.2105 2 1 0
0.604997 -46.1398 -46.1398 2 1 0
0.602399 -46.0691 -46.0691 2 1 0
0.599793 -45.9984 -45.9984 2 1 0
0.597178 -45.9277 -45.9277 2 1 0
0.594555 -45.857 -45.857 2 1 0
0.591922 -45.7864 -45.7864 2 1 0
0.589279 -45.7157 -45.7157 2 1 0
0.586625 -45.645 -45.645 2 1 0
0.583962 -45.5743 -45.5743 2 1 0
0.581287 -45.5036 -45.5036 2 1 0
0.578601 -45.4329 -45.4329 2 1 0
0.575902 -45.3622 -45.3622 2 1 0
0.573191 -45.2916 -45.2916 2 1 0
0.570467 -45.2209 -45.2209 2 1 0
0.56773 -45.1502 -45.1502 2 1 0
0.564978 -45.0795 -45.0795 2 1 0
0.562211 -45.0088 -45.0088 2 1 0
0.559429 -44.9381 -44.9381 2 1 0
0.556631 -44.8675 -44.8675 2 1 0
0.553816 -44.7968 -44.7968 2 1 0
0.550984 -44.7261 -44.7261 2 1 0
0.548134 -44.6554 -44.6554 2 1 0
0.545265 -44.5847 -44.5847 2 1 0
0.542376 -44.5141 -44.5141 2 1 0
0.539467 -44.4434 -44.4434 2 1 0
0.536537 -44.3727 -44.3727 2 1 0
0.533586 -44.302 -44.302 2 1 0
0.530611 -44.2313 -44.2313 2 1 0
0.527613 -44.1607 -44.1607 2 1 0
0.52459 -44.09 -44.09 2 1 0
0.521542 -44.0193 -44.0193 2 1 0
0.518468 -43.9486 -43.9486 2 1 0
0.515367 -43.878 -43.878 2 1 0
0.512237 -43.8073 -43.8073 2 1 0
0.509078 -43.7366 -43.7366 2 1 0
0.505889 -43.6659 -43.6659 2 1 0
0.502669 -43.5953 -43.5953 2 1 0
0.499416 -43.5246 -43.5246 2 1 0
0.496129 -43.4539 -43.4539 2 1 0
0.492809 -43.3832 -43.3832 2 1 0
0.489452 -43.3126 -43.3126 2 1 0
0.486059 -43.2419 -43.2419 2 1 0
0.482627 -43.1712 -43.1712 2 1 0
0.479156 -43.1006 -43.1006 2 1 0
0.475645 -43.0299 -43.0299 2 1 0
0.472091 -42.9592 -42.9592 2 1 0
0.468495 -42.8886 -42.8886 2 1 0
0.464853 -42.8179 -42.8179 2 1 0
0.461166 -42.7473 -42.7473 2 1 0
0.457432 -42.6766 -42.6766 2 1 0
0.453649 -42.6059 -42.6059 2 1 0
0.449816 -42.5353 -42.5353 2 1 0
0.445932 -42.4646 -42.4646 2 1 0
0.441994 -42.394 -42.394 2 1 0
0.438002 -42.3233 -42.3233 2 1 0
0.433954 -42.2527 -42.2527 2 1 0
0.429848 -42.182 -42.182 2 1 0
0.425683 -42.1114 -42.1114 2 1 0
0.421457 -42.0407 -42.0407 2 1 0
0.417168 -41.9701 -41.9701 2 1 0
0.412816 -41.8995 -41.8995 2 1 0
0.408397 -41.8288 -41.8288 2 1 0
0.403911 -41.7582 -41.7582 2 1 0
0.399356 -41.6875 -41.6875 2 1 0
0.394729 -41.6169 -41.6169 2 1 0
0.39003 -41.5463 -41.5463 2 1 0
0.385256 -41.4757 -41.4757 2 1 0
0.380406 -41.405 -41.405 2 1 0
0.375478 -41.3344 -41.3344 2 1 0
0.370469 -41.2638 -41.2638 2 1 0
0.365378 -41.1932 -41.1932 2 1 0
0.360204 -41.1226 -41.1226 2 1 0
0.354944 -41.052 -41.052 2 1 0
0.349596 -40.9814 -40.9814 2 1 0
0.344158 -40.9108 -40.9108 2 1 0
0.338628 -40.8402 -40.8402 2 1 0
0.333005 -40.7696 -40.7696 2 1 0
0.327287 -40.699 -40.699 2 1 0
0.321471 -40.6284 -40.6284 2 1 0
0.315555 -40.5578 -40.5578 2 1 0
0.309538 -40.4872 -40.4872 2 1 0
0.303417 -40.4167 -40.4167 2 1 0
0.29719 -40.3461 -40.3461 2 1 0
0.290856 -40.2755 -40.2755 2 1 0
0.284412 -40.205 -40.205 2 1 0
0.277856 -40.1344 -40.1344 2 1 0
0.271187 -40.0639 -40.0639 2 1 0
0.264401 -39.9933 -39.9933 2 1 0
0.257498 -39.9228 -39.9228 2 1 0
0.250475 -39.8523 -39.8523 2 1 0
0.24333 -39.7817 -39.7817 2 1 0
0.236062 -39.7112 -39.7112 2 1 0
0.228667 -39.6407 -39.6407 2 1 0
0.221145 -39.5702 -39.5702 2 1 0
0.213493 -39.4997 -39.4997 2 1 0
0.205709 -39.4292 -39.4292 2 1 0
0.197791 -39.3588 -39.3588 2 1 0
0.189738 -39.2883 -39.2883 2 1 0
0.181548 -39.2178 -39.2178 2 1 0
0.173218 -39.1474 -39.1474 2 1 0
0.164747 -39.0769 -39.0769 2 1 0
0.156134 -39.0065 -39.0065 2 1 0
0.147376 -38.9361 -38.9361 2 1 0
0.138471 -38.8656 -38.8656 2 1 0
0.129419 -38.7952 -38.7952 2 1 0
0.120217 -38.7248 -38.7248 2 1 0
0.110864 -38.6544 -38.6544 2 1 0
0.101358 -38.5841 -38.5841 2 1 0
0.0916981 -38.5137 -38.5137 2 1 0
0.0818828 -38.4433 -38.4433 2 1 0
0.0719105 -38.373 -38.373 2 1 0
0.0617802 -38.3027 -38.3027 2 1 0
0.0514905 -38.2323 -38.2323 2 1 0
0.0410402 -38.162 -38.162 2 1 0
0.0304284 -38.0917 -38.0917 2 1 0
0.0196539 -38.0215 -38.0215 2 1 0
0.00871593 -37.9512 -37.9512 2 1 0
-0.00238642 -37.8809 -37.8809 2 1 0
-0.0136539 -37.8107 -37.8107 2 1 0
-0.0250872 -37.7405 -37.7405 2 1 0
-0.0366868 -37.6702 -37.6702 2 1 0
-0.0484534 -37.6 -37.6 2 1 0
-0.0603871 -37.5299 -37.5299 2 1 0
-0.0724884 -37.4597 -37.4597 2 1 0
-0.0847575 -37.3895 -37.3895 2 1 0
-0.0971943 -37.3194 -37.3194 2 1 0
-0.109799 -37.2493 -37.2493 2 1 0
-0.122571 -37.1791 -37.1791 2 1 0
-0.135511 -37.1091 -37.1091 2 1 0
-0.148617 -37.039 -37.039 2 1 0
-0.16189 -36.9689 -36.9689 2 1 0
-0.175329 -36.8989 -36.8989 2 1 0
-0.188933 -36.8288 -36.8288 2 1 0
-0.202701 -36.7588 -36.7588 2 1 0
-0.216632 -36.6888 -36.6888 2 1 0
-0.230725 -36.6189 -36.6189 2 1 0
-0.244979 -36.5489 -36.5489 2 1 0
-0.259392 -36.479 -36.479 2 1 0
-0.273963 -36.409 -36.409 2 1 0
-0.28869 -36.3391 -36.3391 2 1 0
-0.303571 -36.2692 -36.2692 2 1 0
-0.318604 -36.1994 -36.1994 2 1 0
-0.333787 -36.1295 -36.1295 2 1 0
-0.349117 -36.0597 -36.0597 2 1 0
-0.364592 -35.9898 -35.9898 2 1 0
-0.38021 -35.92 -35.92 2 1 0
-0.395968 -35.8502 -35.8502 2 1 0
-0.411862 -35.7805 -35.7805 2 1 0
-0.42789 -35.7107 -35.7107 2 1 0
-0.444048 -35.641 -35.641 2 1 0
-0.460333 -35.5712 -35.5712 2 1 0
-0.476741 -35.5015 -35.5015 2 1 0
-0.493268 -35.4318 -35.4318 2 1 0
-0.509911 -35.3621 -35.3621 2 1 0
-0.526666 -35.2925 -35.2925 2 1 0
-0.543527 -35.2228 -35.2228 2 1 0
-0.560492 -35.1532 -35.1532 2 1 0
-0.577554 -35.0835 -35.0835 2 1 0
-0.594709 -35.0139 -35.0139 2 1 0
-0.611953 -34.9443 -34.9443 2 1 0
-0.62928 -34.8747 -34.8747 2 1 0
-0.646685 -34.8052 -34.8052 2 1 0
-0.664162 -34.7356 -34.7356 2 1 0
-0.681706 -34.666 -34.666 2 1 0
-0.699311 -34.5965 -34.5965 2 1 0
-0.716971 -34.5269 -34.5269 2 1 0
-0.73468 -34.4574 -34.4574 2 1 0
-0.752432 -34.3879 -34.3879 2 1 0
-0.77022 -34.3183 -34.3183 2 1 0
-0.788037 -34.2488 -34.2488 2 1 0
-0.805877 -34.1793 -34.1793 2 1 0
-0.823733 -34.1098 -34.1098 2 1 0
-0.841598 -34.0403 -34.0403 2 1 0
-0.859464 -33.9708 -33.9708 2 1 0
-0.877324 -33.9013 -33.9013 2 1 0
-0.89517 -33.8318 -33.8318 2 1 0
-0.912995 -33.7623 -33.7623 2 1 0
-0.930791 -33.6927 -33.6927 2 1 0
-0.94855 -33.6232 -33.6232 2 1 0
-0.966263 -33.5537 -33.5537 2 1 0
-0.983922 -33.4842 -33.4842 2 1 0
-1.00152 -33.4147 -33.4147 2 1 0
-1.01905 -33.3451 -33.3451 2 1 0
-1.03649 -33.2756 -33.2756 2 1 0
-1.05385 -33.206 -33.206 2 1 0
-1.07111 -33.1364 -33.1364 2 1 0
-1.08826 -33.0669 -33.0669 2 1 0
-1.1053 -32.9973 -32.9973 2 1 0
-1.12221 -32.9277 -32.9277 2 1 0
-1.13899 -32.858 -32.858 2 1 0
-1.15562 -32.7884 -32.7884 2 1 0
-1.1721 -32.7187 -32.7187 2 1 0
-1.18842 -32.6491 -32.6491 2 1 0
-1.20456 -32.5794 -32.5794 2 1 0
-1.22052 -32.5097 -32.5097 2 1 0
-1.23628 -32.4399 -32.4399 2 1 0
-1.25184 -32.3702 -32.3702 2 1 0
-1.26718 -32.3004 -32.3004 2 1 0
-1.2823 -32.2306 -32.2306 2 1 0
-1.29718 -32.1608 -32.1608 2 1 0
-1.31182 -32.0909 -32.0909 2 1 0
-1.3262 -32.0211 -32.0211 2 1 0
-1.34031 -31.9512 -31.9512 2 1 0
-1.35415 -31.8812 -31.8812 2 1 0
-1.3677 -31.8113 -31.8113 2 1 0
-1.38095 -31.7413 -31.7413 2 1 0
-1.39388 -31.6713 -31.6713 2 1 0
-1.4065 -31.6013 -31.6013 2 1 0
-1.41879 -31.5312 -31.5312 2 1 0
-1.43074 -31.4611 -31.4611 2 1 0
-1.44233 -31.391 -31.391 2 1 0
-1.45356 -31.3208 -31.3208 2 1 0
-1.46442 -31.2507 -31.2507 2 1 0
-1.4749 -31.1805 -31.1805 2 1 0
-1.48498 -31.1102 -31.1102 2 1 0
-1.49465 -31.04 -31.04 2 1 0
-1.50392 -30.9697 -30.9697 2 1 0
-1.51275 -30.8994 -30.8994 2 1 0
-1.52116 -30.829 -30.829 2 1 0
-1.52911 -30.7587 -30.7587 2 1 0
-1.53662 -30.6883 -30.6883 2 1 0
-1.54366 -30.6179 -30.6179 2 1 0
-1.55022 -30.5474 -30.5474 2 1 0
-1.55631 -30.477 -30.477 2 1 0
-1.5619 -30.4065 -30.4065 2 1 0
-1.567 -30.336 -30.336 2 1 0
-1.57158 -30.2655 -30.2655 2 1 0
-1.57565 -30.195 -30.195 2 1 0
-1.57919 -30.1245 -30.1245 2 1 0
-1.5822 -30.0539 -30.0539 2 1 0
-1.58468 -29.9834 -29.9834 2 1 0
-1.5866 -29.9128 -29.9128 2 1 0
0.816974 -54.0578 -54.0578 2 2 0
0.816974 -54.0719 -54.0719 2 2 0
0.816968 -54.086 -54.086 2 2 0
0.81695 -54.1142 -54.1142 2 2 0
0.816878 -54.1702 -54.1702 2 2 0
0.816722 -54.2397 -54.2397 2 2 0
0.816491 -54.3087 -54.3087 2 2 0
0.816186 -54.3771 -54.3771 2 2 0
0.815808 -54.445 -54.445 2 2 0
0.815355 -54.5122 -54.5122 2 2 0
0.814829 -54.5789 -54.5789 2 2 0
0.81423 -54.645 -54.645 2 2 0
0.813559 -54.7106 -54.7106 2 2 0
0.812816 -54.7755 -54.7755 2 2 0
0.812001 -54.8398 -54.8398 2 2 0
0.811116 -54.9036 -54.9036 2 2 0
0.81016 -54.9668 -54.9668 2 2 0
0.809135 -55.0294 -55.0294 2 2 0
0.808041 -55.0914 -55.0914 2 2 0
0.806879 -55.1528 -55.1528 2 2 0
0.80565 -55.2136 -55.2136 2 2 0
0.804354 -55.2738 -55.2738 2 2 0
0.802993 -55.3334 -55.3334 2 2 0
0.801567 -55.3924 -55.3924 2 2 0
0.800078 -55.4508 -55.4508 2 2 0
0.798526 -55.5086 -55.5086 2 2 0
0.796913 -55.5659 -55.5659 2 2 0
0.79524 -55.6225 -55.6225 2 2 0
0.793507 -55.6786 -55.6786 2 2 0
0.791715 -55.7341 -55.7341 2 2 0
0.789867 -55.7889 -55.7889 2 2 0
0.787962 -55.8432 -55.8432 2 2 0
0.786003 -55.8969 -55.8969 2 2 0
0.78399 -55.9501 -55.9501 2 2 0
0.781924 -56.0026 -56.0026 2 2 0
0.779807 -56.0546 -56.0546 2 2 0
0.777641 -56.106 -56.106 2 2 0
0.775425 -56.1568 -56.1568 2 2 0
0.773162 -56.2071 -56.2071 2 2 0
0.770852 -56.2568 -56.2568 2 2 0
0.768498 -56.3059 -56.3059 2 2 0
0.766099 -56.3545 -56.3545 2 2 0
0.763658 -56.4026 -56.4026 2 2 0
0.761175 -56.4501 -56.4501 2 2 0
0.758652 -56.497 -56.497 2 2 0
0.75609 -56.5434 -56.5434 2 2 0
0.75349 -56.5893 -56.5893 2 2 0
0.750854 -56.6347 -56.6347 2 2 0
0.748182 -56.6795 -56.6795 2 2 0
0.745476 -56.7238 -56.7238 2 2 0
0.742737 -56.7676 -56.7676 2 2 0
0.739966 -56.8109 -56.8109 2 2 0
0.737164 -56.8537 -56.8537 2 2 0
0.734332 -56.896 -56.896 2 2 0
0.731471 -56.9378 -56.9378 2 2 0
0.728583 -56.9791 -56.9791 2 2 0
0.725668 -57.02 -57.02 2 2 0
0.722727 -57.0603 -57.0603 2 2 0
0.719762 -57.1002 -57.1002 2 2 0
0.716773 -57.1397 -57.1397 2 2 0
0.713761 -57.1787 -57.1787 2 2 0
0.710727 -57.2172 -57.2172 2 2 0
0.707672 -57.2553 -57.2553 2 2 0
0.704596 -57.2929 -57.2929 2 2 0
0.701502 -57.3302 -57.3302 2 2 0
0.698388 -57.367 -57.367 2 2 0
0.695256 -57.4034 -57.4034 2 2 0
0.692107 -57.4394 -57.4394 2 2 0
0.688941 -57.475 -57.475 2 2 0
0.685758 -57.5102 -57.5102 2 2 0
0.68256 -57.545 -57.545 2 2 0
0.679347 -57.5794 -57.5794 2 2 0
0.676119 -57.6135 -57.6135 2 2 0
0.672877 -57.6472 -57.6472 2 2 0
0.669622 -57.6805 -57.6805 2 2 0
0.666352 -57.7135 -57.7135 2 2 0
0.66307 -57.7462 -57.7462 2 2 0
0.659774 -57.7785 -57.7785 2 2 0
0.656466 -57.8105 -57.8105 2 2 0
0.653145 -57.8422 -57.8422 2 2 0
0.649811 -57.8735 -57.8735 2 2 0
0.646465 -57.9046 -57.9046 2 2 0
0.643107 -57.9354 -57.9354 2 2 0
0.639736 -57.9659 -57.9659 2 2 0
0.636353 -57.9961 -57.9961 2 2 0
0.632956 -58.0261 -58.0261 2 2 0
0.629547 -58.0558 -58.0558 2 2 0
0.626125 -58.0852 -58.0852 2 2 0
0.622689 -58.1144 -58.1144 2 2 0
0.619239 -58.1434 -58.1434 2 2 0
0.615775 -58.1721 -58.1721 2 2 0
0.612296 -58.2007 -58.2007 2 2 0
0.608802 -58.229 -58.229 2 2 0
0.605292 -58.2572 -58.2572 2 2 0
0.601765 -58.2851 -58.2851 2 2 0
0.598221 -58.3129 -58.3129 2 2 0
0.594659 -58.3405 -58.3405 2 2 0
0.591078 -58.368 -58.368 2 2 0
0.587477 -58.3953 -58.3953 2 2 0
0.583855 -58.4225 -58.4225 2 2 0
0.580211 -58.4495 -58.4495 2 2 0
0.576544 -58.4764 -58.4764 2 2 0
0.572853 -58.5033 -58.5033 2 2 0
0.569137 -58.53 -58.53 2 2 0
0.565394 -58.5566 -58.5566 2 2 0
0.561623 -58.5832 -58.5832 2 2 0
0.557822 -58.6097 -58.6097 2 2 0
0.55399 -58.6362 -58.6362 2 2 0
0.550126 -58.6626 -58.6626 2 2 0
0.546227 -58.6889 -58.6889 2 2 0
0.542292 -58.7153 -58.7153 2 2 0
0.538319 -58.7416 -58.7416 2 2 0
0.534306 -58.768 -58.768 2 2 0
0.530252 -58.7943 -58.7943 2 2 0
0.526154 -58.8207 -58.8207 2 2 0
0.52201 -58.8471 -58.8471 2 2 0
0.517818 -58.8735 -58.8735 2 2 0
0.513575 -58.9 -58.9 2 2 0
0.50928 -58.9266 -58.9266 2 2 0
0.50493 -58.9532 -58.9532 2 2 0
0.500522 -58.98 -58.98 2 2 0
0.496055 -59.0068 -59.0068 2 2 0
0.491524 -59.0337 -59.0337 2 2 0
0.486929 -59.0608 -59.0608 2 2 0
0.482265 -59.088 -59.088 2 2 0
0.47753 -59.1153 -59.1153 2 2 0
0.472721 -59.1428 -59.1428 2 2 0
0.467835 -59.1704 -59.1704 2 2 0
0.46287 -59.1983 -59.1983 2 2 0
0.457821 -59.2263 -59.2263 2 2 0
0.452687 -59.2544 -59.2544 2 2 0
0.447462 -59.2828 -59.2828 2 2 0
0.442146 -59.3115 -59.3115 2 2 0
0.436733 -59.3403 -59.3403 2 2 0
0.431221 -59.3693 -59.3693 2 2 0
0.425606 -59.3986 -59.3986 2 2 0
0.419884 -59.4282 -59.4282 2 2 0
0.414053 -59.458 -59.458 2 2 0
0.408108 -59.4881 -59.4881 2 2 0
0.402046 -59.5184 -59.5184 2 2 0
0.395863 -59.549 -59.549 2 2 0
0.389556 -59.5799 -59.5799 2 2 0
0.383121 -59.6111 -59.6111 2 2 0
0.376553 -59.6426 -59.6426 2 2 0
0.36985 -59.6744 -59.6744 2 2 0
0.363008 -59.7065 -59.7065 2 2 0
0.356022 -59.7389 -59.7389 2 2 0
0.348889 -59.7717 -59.7717 2 2 0
0.341605 -59.8047 -59.8047 2 2 0
0.334166 -59.8381 -59.8381 2 2 0
0.326569 -59.8718 -59.8718 2 2 0
0.318809 -59.9058 -59.9058 2 2 0
0.310884 -59.9402 -59.9402 2 2 0
0.302788 -59.9749 -59.9749 2 2 0
0.294519 -60.01 -60.01 2 2 0
0.286072 -60.0454 -60.0454 2 2 0
0.277444 -60.0811 -60.0811 2 2 0
0.268631 -60.1171 -60.1171 2 2 0
0.259631 -60.1535 -60.1535 2 2 0
0.250438 -60.1902 -60.1902 2 2 0
0.24105 -60.2273 -60.2273 2 2 0
0.231463 -60.2647 -60.2647 2 2 0
0.221674 -60.3024 -60.3024 2 2 0
0.211679 -60.3404 -60.3404 2 2 0
0.201476 -60.3787 -60.3787 2 2 0
0.191061 -60.4174 -60.4174 2 2 0
0.18043 -60.4564 -60.4564 2 2 0
0.169582 -60.4957 -60.4957 2 2 0
0.158513 -60.5352 -60.5352 2 2 0
0.14722 -60.5751 -60.5751 2 2 0
0.135701 -60.6152 -60.6152 2 2 0
0.123952 -60.6557 -60.6557 2 2 0
0.111972 -60.6964 -60.6964 2 2 0
0.0997587 -60.7374 -60.7374 2 2 0
0.0873088 -60.7786 -60.7786 2 2 0
0.0746206 -60.8201 -60.8201 2 2 0
0.0616921 -60.8618 -60.8618 2 2 0
0.0485214 -60.9037 -60.9037 2 2 0
0.0351068 -60.9459 -60.9459 2 2 0
0.0214468 -60.9883 -60.9883 2 2 0
0.00753983 -61.0309 -61.0309 2 2 0
-0.00661532 -61.0737 -61.0737 2 2 0
-0.0210198 -61.1167 -61.1167 2 2 0
-0.0356745 -61.1598 -61.1598 2 2 0
-0.0505803 -61.2031 -61.2031 2 2 0
-0.0657377 -61.2466 -61.2466 2 2 0
-0.0811472 -61.2902 -61.2902 2 2 0
-0.096809 -61.334 -61.334 2 2 0
-0.112723 -61.3778 -61.3778 2 2 0
-0.12889 -61.4218 -61.4218 2 2 0
-0.145308 -61.4659 -61.4659 2 2 0
-0.161977 -61.5101 -61.5101 2 2 0
-0.178897 -61.5543 -61.5543 2 2 0
-0.196066 -61.5986 -61.5986 2 2 0
-0.213483 -61.643 -61.643 2 2 0
-0.231148 -61.6874 -61.6874 2 2 0
-0.249056 -61.7319 -61.7319 2 2 0
-0.267208 -61.7763 -61.7763 2 2 0
-0.285601 -61.8208 -61.8208 2 2 0
-0.304231 -61.8652 -61.8652 2 2 0
-0.323097 -61.9097 -61.9097 2 2 0
-0.342195 -61.9541 -61.9541 2 2 0
-0.361522 -61.9984 -61.9984 2 2 0
-0.381073 -62.0427 -62.0427 2 2 0
-0.400846 -62.087 -62.087 2 2 0
-0.420836 -62.1311 -62.1311 2 2 0
-0.441038 -62.1752 -62.1752 2 2 0
-0.461447 -62.2191 -62.2191 2 2 0
-0.482057 -62.2629 -62.2629 2 2 0
-0.502864 -62.3066 -62.3066 2 2 0
-0.523861 -62.3502 -62.3502 2 2 0
-0.545041 -62.3936 -62.3936 2 2 0
-0.566397 -62.4368 -62.4368 2 2 0
-0.587924 -62.4798 -62.4798 2 2 0
-0.609612 -62.5226 -62.5226 2 2 0
-0.631453 -62.5652 -62.5652 2 2 0
-0.65344 -62.6076 -62.6076 2 2 0
-0.675563 -62.6497 -62.6497 2 2 0
-0.697813 -62.6916 -62.6916 2 2 0
-0.720179 -62.7332 -62.7332 2 2 0
-0.742652 -62.7745 -62.7745 2 2 0
-0.765221 -62.8156 -62.8156 2 2 0
-0.787873 -62.8563 -62.8563 2 2 0
-0.810598 -62.8966 -62.8966 2 2 0
-0.833382 -62.9367 -62.9367 2 2 0
-0.856212 -62.9763 -62.9763 2 2 0
-0.879076 -63.0156 -63.0156 2 2 0
-0.901958 -63.0545 -63.0545 2 2 0
-0.924844 -63.093 -63.093 2 2 0
-0.947718 -63.1311 -63.1311 2 2 0
-0.970564 -63.1687 -63.1687 2 2 0
-0.993365 -63.2058 -63.2058 2 2 0
-1.0161 -63.2425 -63.2425 2 2 0
-1.03876 -63.2787 -63.2787 2 2 0
-1.06132 -63.3143 -63.3143 2 2 0
-1.08376 -63.3495 -63.3495 2 2 0
-1.10606 -63.384 -63.384 2 2 0
-1.1282 -63.418 -63.418 2 2 0
-1.15016 -63.4514 -63.4514 2 2 0
-1.17192 -63.4842 -63.4842 2 2 0
-1.19344 -63.5164 -63.5164 2 2 0
-1.21471 -63.5479 -63.5479 2 2 0
-1.23571 -63.5787 -63.5787 2 2 0
-1.2564 -63.6088 -63.6088 2 2 0
-1.27676 -63.6381 -63.6381 2 2 0
-1.29676 -63.6668 -63.6668 2 2 0
-1.31638 -63.6946 -63.6946 2 2 0
-1.33558 -63.7216 -63.7216 2 2 0
-1.35434 -63.7478 -63.7478 2 2 0
-1.37262 -63.7732 -63.7732 2 2 0
-1.39039 -63.7977 -63.7977 2 2 0
-1.40763 -63.8212 -63.8212 2 2 0
-1.42429 -63.8438 -63.8438 2 2 0
-1.44035 -63.8655 -63.8655 2 2 0
-1.45578 -63.8861 -63.8861 2 2 0
-1.47053 -63.9057 -63.9057 2 2 0
-1.48458 -63.9243 -63.9243 2 2 0
-1.49789 -63.9417 -63.9417 2 2 0
-1.51042 -63.9581 -63.9581 2 2 0
-1.52215 -63.9733 -63.9733 2 2 0
-1.53303 -63.9873 -63.9873 2 2 0
-1.54304 -64 -64 2 2 0
-1.55214 -64.0116 -64.0116 2 2 0
-1.56031 -64.0218 -64.0218 2 2 0
-1.5675 -64.0308 -64.0308 2 2 0
-1.57369 -64.0384 -64.0384 2 2 0
-1.57885 -64.0447 -64.0447 2 2 0
-1.58296 -64.0495 -64.0495 2 2 0
-1.58598 -64.053 -64.053 2 2 0
-1.58791 -64.0549 -64.0549 2 2 0
-1.58871 -64.0555 -64.0555 2 2 0
-1.58874 -64.0554 -64.0554 2 2 0
-1.58816 -64.0541 -64.0541 2 2 0
-1.58643 -64.0513 -64.0513 2 2 0
-1.58353 -64.047 -64.047 2 2 0
-1.57945 -64.0411 -64.0411 2 2 0
-1.57419 -64.0337 -64.0337 2 2 0
-1.56774 -64.0247 -64.0247 2 2 0
-1.56011 -64.0141 -64.0141 2 2 0
-1.5513 -64.0019 -64.0019 2 2 0
-1.54132 -63.9882 -63.9882 2 2 0
-1.53018 -63.9728 -63.9728 2 2 0
-1.5179 -63.9559 -63.9559 2 2 0
-1.50449 -63.9374 -63.9374 2 2 0
-1.48997 -63.9172 -63.9172 2 2 0
-1.47436 -63.8955 -63.8955 2 2 0
-1.4577 -63.8723 -63.8723 2 2 0
-1.44001 -63.8475 -63.8475 2 2 0
-1.42131 -63.8211 -63.8211 2 2 0
-1.40164 -63.7932 -63.7932 2 2 0
-1.38104 -63.7638 -63.7638 2 2 0
-1.35954 -63.7329 -63.7329 2 2 0
-1.33717 -63.7005 -63.7005 2 2 0
-1.31398 -63.6666 -63.6666 2 2 0
-1.28999 -63.6313 -63.6313 2 2 0
-1.26526 -63.5946 -63.5946 2 2 0
-1.23981 -63.5564 -63.5564 2 2 0
-1.21369 -63.5169 -63.5169 2 2 0
-1.18693 -63.476 -63.476 2 2 0
-1.15958 -63.4337 -63.4337 2 2 0
-1.13168 -63.3901 -63.3901 2 2 0
-1.10326 -63.3452 -63.3452 2 2 0
-1.07436 -63.299 -63.299 2 2 0
-1.04502 -63.2515 -63.2515 2 2 0
-1.01528 -63.2027 -63.2027 2 2 0
-0.985178 -63.1527 -63.1527 2 2 0
-0.954743 -63.1015 -63.1015 2 2 0
-0.924015 -63.0491 -63.0491 2 2 0
-0.893028 -62.9955 -62.9955 2 2 0
-0.861816 -62.9407 -62.9407 2 2 0
-0.830412 -62.8847 -62.8847 2 2 0
-0.798847 -62.8276 -62.8276 2 2 0
-0.767154 -62.7694 -62.7694 2 2 0
-0.735365 -62.7101 -62.7101 2 2 0
-0.70351 -62.6497 -62.6497 2 2 0
-0.671618 -62.5881 -62.5881 2 2 0
-0.639718 -62.5256 -62.5256 2 2 0
-0.607838 -62.4619 -62.4619 2 2 0
-0.576003 -62.3972 -62.3972 2 2 0
-0.544241 -62.3315 -62.3315 2 2 0
-0.512577 -62.2648 -62.2648 2 2 0
-0.481034 -62.1971 -62.1971 2 2 0
-0.449641 -62.1284 -62.1284 2 2 0
-0.418416 -62.0588 -62.0588 2 2 0
-0.387382 -61.9881 -61.9881 2 2 0
-0.356559 -61.9166 -61.9166 2 2 0
-0.32597 -61.8441 -61.8441 2 2 0
-0.295633 -61.7707 -61.7707 2 2 0
-0.265567 -61.6963 -61.6963 2 2 0
-0.23579 -61.6211 -61.6211 2 2 0
-0.206321 -61.5451 -61.5451 2 2 0
-0.177176 -61.4681 -61.4681 2 2 0
-0.14837 -61.3904 -61.3904 2 2 0
-0.119918 -61.3118 -61.3118 2 2 0
-0.091836 -61.2324 -61.2324 2 2 0
-0.0641362 -61.1522 -61.1522 2 2 0
-0.0368317 -61.0712 -61.0712 2 2 0
-0.00993445 -60.9894 -60.9894 2 2 0
0.0165443 -60.9069 -60.9069 2 2 0
0.0425941 -60.8237 -60.8237 2 2 0
0.0682054 -60.7398 -60.7398 2 2 0
0.0933692 -60.6551 -60.6551 2 2 0
0.118078 -60.5698 -60.5698 2 2 0
0.142323 -60.4839 -60.4839 2 2 0
0.166099 -60.3973 -60.3973 2 2 0
0.1894 -60.31 -60.31 2 2 0
0.21222 -60.2222 -60.2222 2 2 0
0.234556 -60.1337 -60.1337 2 2 0
0.256403 -60.0447 -60.0447 2 2 0
0.277759 -59.9552 -59.9552 2 2 0
0.298621 -59.8651 -59.8651 2 2 0
0.318988 -59.7745 -59.7745 2 2 0
0.338859 -59.6834 -59.6834 2 2 0
0.358233 -59.5918 -59.5918 2 2 0
0.377112 -59.4998 -59.4998 2 2 0
0.395495 -59.4073 -59.4073 2 2 0
0.413384 -59.3144 -59.3144 2 2 0
0.430782 -59.221 -59.221 2 2 0
0.447691 -59.1273 -59.1273 2 2 0
0.464113 -59.0332 -59.0332 2 2 0
0.480053 -58.9388 -58.9388 2 2 0
0.495514 -58.844 -58.844 2 2 0
0.5105 -58.7489 -58.7489 2 2 0
0.525017 -58.6534 -58.6534 2 2 0
0.53907 -58.5577 -58.5577 2 2 0
0.552663 -58.4617 -58.4617 2 2 0
0.565803 -58.3654 -58.3654 2 2 0
0.578496 -58.2688 -58.2688 2 2 0
0.590748 -58.172 -58.172 2 2 0
0.602566 -58.075 -58.075 2 2 0
0.613955 -57.9778 -57.9778 2 2 0
0.624924 -57.8803 -57.8803 2 2 0
0.635479 -57.7827 -57.7827 2 2 0
0.645628 -57.6849 -57.6849 2 2 0
0.655378 -57.5869 -57.5869 2 2 0
0.664736 -57.4888 -57.4888 2 2 0
0.67371 -57.3905 -57.3905 2 2 0
0.682308 -57.292 -57.292 2 2 0
0.690537 -57.1935 -57.1935 2 2 0
0.698405 -57.0948 -57.0948 2 2 0
0.705919 -56.996 -56.996 2 2 0
0.713088 -56.897 -56.897 2 2 0
0.719919 -56.798 -56.798 2 2 0
0.72642 -56.6989 -56.6989 2 2 0
0.732598 -56.5997 -56.5997 2 2 0
0.738462 -56.5004 -56.5004 2 2 0
0.744018 -56.4011 -56.4011 2 2 0
0.749274 -56.3017 -56.3017 2 2 0
0.754238 -56.2022 -56.2022 2 2 0
0.758917 -56.1026 -56.1026 2 2 0
0.763318 -56.003 -56.003 2 2 0
0.767448 -55.9034 -55.9034 2 2 0
0.771316 -55.8037 -55.8037 2 2 0
0.774926 -55.704 -55.704 2 2 0
0.778287 -55.6042 -55.6042 2 2 0
0.781406 -55.5044 -55.5044 2 2 0
0.784288 -55.4046 -55.4046 2 2 0
0.786941 -55.3047 -55.3047 2 2 0
0.789371 -55.2049 -55.2049 2 2 0
0.791584 -55.105 -55.105 2 2 0
0.793587 -55.0051 -55.0051 2 2 0
0.795386 -54.9051 -54.9051 2 2 0
0.796986 -54.8052 -54.8052 2 2 0
0.798394 -54.7052 -54.7052 2 2 0
0.799616 -54.6052 -54.6052 2 2 0
0.800656 -54.5053 -54.5053 2 2 0
0.801521 -54.4053 -54.4053 2 2 0
0.802216 -54.3053 -54.3053 2 2 0
0.802746 -54.2053 -54.2053 2 2 0
0.803116 -54.1053 -54.1053 2 2 0
0.803332 -54.0053 -54.0053 2 2 0
0.803399 -53.9099 -53.9099 2 2 0
0.803327 -53.8099 -53.8099 2 2 0
0.803115 -53.7099 -53.7099 2 2 0
0.802767 -53.6099 -53.6099 2 2 0
0.802288 -53.5099 -53.5099 2 2 0
0.801683 -53.4099 -53.4099 2 2 0
0.800955 -53.3099 -53.3099 2 2 0
0.800109 -53.21 -53.21 2 2 0
0.799148 -53.11 -53.11 2 2 0
0.798078 -53.01 -53.01 2 2 0
0.796901 -52.91 -52.91 2 2 0
0.795621 -52.8101 -52.8101 2 2 0
0.794243 -52.7101 -52.7101 2 2 0
0.792769 -52.6101 -52.6101 2 2 0
0.791204 -52.5102 -52.5102 2 2 0
0.78955 -52.4102 -52.4102 2 2 0
0.787811 -52.3103 -52.3103 2 2 0
0.78599 -52.2104 -52.2104 2 2 0
0.78409 -52.1105 -52.1105 2 2 0
0.782115 -52.0105 -52.0105 2 2 0
0.780066 -51.9106 -51.9106 2 2 0
0.777948 -51.8107 -51.8107 2 2 0
0.775763 -51.7108 -51.7108 2 2 0
0.773513 -51.6109 -51.6109 2 2 0
0.771202 -51.511 -51.511 2 2 0
0.768831 -51.4112 -51.4112 2 2 0
0.766403 -51.3113 -51.3113 2 2 0
0.763921 -51.2114 -51.2114 2 2 0
0.761387 -51.1115 -51.1115 2 2 0
0.758803 -51.0117 -51.0117 2 2 0
0.756172 -50.9118 -50.9118 2 2 0
0.753495 -50.812 -50.812 2 2 0
0.750774 -50.7121 -50.7121 2 2 0
0.748012 -50.6123 -50.6123 2 2 0
0.745211 -50.5125 -50.5125 2 2 0
0.742371 -50.4126 -50.4126 2 2 0
0.739496 -50.3128 -50.3128 2 2 0
0.736586 -50.213 -50.213 2 2 0
0.733643 -50.1132 -50.1132 2 2 0
0.730669 -50.0133 -50.0133 2 2 0
0.727666 -49.9135 -49.9135 2 2 0
0.724634 -49.8137 -49.8137 2 2 0
0.721576 -49.7139 -49.7139 2 2 0
0.718492 -49.6141 -49.6141 2 2 0
0.715384 -49.5143 -49.5143 2 2 0
0.712252 -49.4145 -49.4145 2 2 0
0.709099 -49.3147 -49.3147 2 2 0
0.705926 -49.2149 -49.2149 2 2 0
0.702732 -49.1152 -49.1152 2 2 0
0.699519 -49.0154 -49.0154 2 2 0
0.696289 -48.9156 -48.9156 2 2 0
0.693042 -48.8158 -48.8158 2 2 0
0.689778 -48.716 -48.716 2 2 0
0.686499 -48.6163 -48.6163 2 2 0
0.683205 -48.5165 -48.5165 2 2 0
0.679897 -48.4167 -48.4167 2 2 0
0.676575 -48.317 -48.317 2 2 0
0.673241 -48.2172 -48.2172 2 2 0
0.669893 -48.1174 -48.1174 2 2 0
0.666533 -48.0177 -48.0177 2 2 0
0.663161 -47.9179 -47.9179 2 2 0
0.659778 -47.8181 -47.8181 2 2 0
0.656383 -47.7184 -47.7184 2 2 0
0.652977 -47.6186 -47.6186 2 2 0
0.64956 -47.5189 -47.5189 2 2 0
0.646131 -47.4191 -47.4191 2 2 0
0.642692 -47.3194 -47.3194 2 2 0
0.639241 -47.2196 -47.2196 2 2 0
0.635779 -47.1199 -47.1199 2 2 0
0.632306 -47.0201 -47.0201 2 2 0
0.62882 -46.9204 -46.9204 2 2 0
0.625323 -46.8206 -46.8206 2 2 0
0.621813 -46.7209 -46.7209 2 2 0
0.61829 -46.6212 -46.6212 2 2 0
0.614754 -46.5214 -46.5214 2 2 0
0.611203 -46.4217 -46.4217 2 2 0
0.607638 -46.322 -46.322 2 2 0
0.604058 -46.2222 -46.2222 2 2 0
0.600462 -46.1225 -46.1225 2 2 0
0.596849 -46.0228 -46.0228 2 2 0
0.593217 -45.9231 -45.9231 2 2 0
0.589567 -45.8233 -45.8233 2 2 0
0.585898 -45.7236 -45.7236 2 2 0
0.582207 -45.6239 -45.6239 2 2 0
0.578494 -45.5242 -45.5242 2 2 0
0.574757 -45.4245 -45.4245 2 2 0
0.570996 -45.3248 -45.3248 2 2 0
0.567208 -45.2251 -45.2251 2 2 0
0.563393 -45.1254 -45.1254 2 2 0
0.816974 -54.0578 -54.0578 2 2 0
0.816974 -54.0436 -54.0436 2 2 0
0.816968 -54.0294 -54.0294 2 2 0
0.81695 -54.001 -54.001 2 2 0
0.816878 -53.9439 -53.9439 2 2 0
0.816722 -53.8721 -53.8721 2 2 0
0.816491 -53.7997 -53.7997 2 2 0
0.816186 -53.7267 -53.7267 2 2 0
0.815808 -53.6532 -53.6532 2 2 0
0.815355 -53.5792 -53.5792 2 2 0
0.814829 -53.5047 -53.5047 2 2 0
0.81423 -53.4297 -53.4297 2 2 0
0.813559 -53.3542 -53.3542 2 2 0
0.812816 -53.2781 -53.2781 2 2 0
0.812001 -53.2016 -53.2016 2 2 0
0.811116 -53.1245 -53.1245 2 2 0
0.81016 -53.047 -53.047 2 2 0
0.809135 -52.969 -52.969 2 2 0
0.808041 -52.8906 -52.8906 2 2 0
0.806879 -52.8116 -52.8116 2 2 0
0.80565 -52.7322 -52.7322 2 2 0
0.804354 -52.6524 -52.6524 2 2 0
0.802993 -52.5721 -52.5721 2 2 0
0.801567 -52.4914 -52.4914 2 2 0
0.800078 -52.4103 -52.4103 2 2 0
0.798526 -52.3287 -52.3287 2 2 0
0.796913 -52.2467 -52.2467 2 2 0
0.79524 -52.1643 -52.1643 2 2 0
0.793507 -52.0815 -52.0815 2 2 0
0.791715 -51.9983 -51.9983 2 2 0
0.789867 -51.9147 -51.9147 2 2 0
0.787962 -51.8308 -51.8308 2 2 0
0.786003 -51.7464 -51.7464 2 2 0
0.78399 -51.6618 -51.6618 2 2 0
0.781924 -51.5767 -51.5767 2 2 0
0.779807 -51.4913 -51.4913 2 2 0
0.777641 -51.4055 -51.4055 2 2 0
0.775425 -51.3194 -51.3194 2 2 0
0.773162 -51.233 -51.233 2 2 0
0.770852 -51.1463 -51.1463 2 2 0
0.768498 -51.0592 -51.0592 2 2 0
0.766099 -50.9719 -50.9719 2 2 0
0.763658 -50.8842 -50.8842 2 2 0
0.761175 -50.7962 -50.7962 2 2 0
0.758652 -50.708 -50.708 2 2 0
0.75609 -50.6194 -50.6194 2 2 0
0.75349 -50.5306 -50.5306 2 2 0
0.750854 -50.4415 -50.4415 2 2 0
0.748182 -50.3522 -50.3522 2 2 0
0.745476 -50.2626 -50.2626 2 2 0
0.742737 -50.1727 -50.1727 2 2 0
0.739966 -50.0826 -50.0826 2 2 0
0.737164 -49.9923 -49.9923 2 2 0
0.734332 -49.9017 -49.9017 2 2 0
0.731471 -49.8109 -49.8109 2 2 0
0.728583 -49.7199 -49.7199 2 2 0
0.725668 -49.6286 -49.6286 2 2 0
0.722727 -49.5372 -49.5372 2 2 0
0.719762 -49.4455 -49.4455 2 2 0
0.716773 -49.3537 -49.3537 2 2 0
0.713761 -49.2616 -49.2616 2 2 0
0.710727 -49.1694 -49.1694 2 2 0
0.707672 -49.077 -49.077 2 2 0
0.704596 -48.9844 -48.9844 2 2 0
0.701502 -48.8917 -48.8917 2 2 0
0.698388 -48.7987 -48.7987 2 2 0
0.695256 -48.7056 -48.7056 2 2 0
0.692107 -48.6124 -48.6124 2 2 0
0.688941 -48.519 -48.519 2 2 0
0.685758 -48.4255 -48.4255 2 2 0
0.68256 -48.3318 -48.3318 2 2 0
0.679347 -48.2379 -48.2379 2 2 0
0.676119 -48.144 -48.144 2 2 0
0.672877 -48.0499 -48.0499 2 2 0
0.669622 -47.9556 -47.9556 2 2 0
0.666352 -47.8613 -47.8613 2 2 0
0.66307 -47.7668 -47.7668 2 2 0
0.659774 -47.6723 -47.6723 2 2 0
0.656466 -47.5776 -47.5776 2 2 0
0.653145 -47.4828 -47.4828 2 2 0
0.649811 -47.3879 -47.3879 2 2 0
0.646465 -47.2929 -47.2929 2 2 0
0.643107 -47.1978 -47.1978 2 2 0
0.639736 -47.1026 -47.1026 2 2 0
0.636353 -47.0074 -47.0074 2 2 0
0.632956 -46.912 -46.912 2 2 0
0.629547 -46.8166 -46.8166 2 2 0
0.626125 -46.7211 -46.7211 2 2 0
0.622689 -46.6255 -46.6255 2 2 0
0.619239 -46.5299 -46.5299 2 2 0
0.615775 -46.4342 -46.4342 2 2 0
0.612296 -46.3384 -46.3384 2 2 0
0.608802 -46.2425 -46.2425 2 2 0
0.605292 -46.1467 -46.1467 2 2 0
0.601765 -46.0507 -46.0507 2 2 0
0.598221 -45.9547 -45.9547 2 2 0
0.594659 -45.8587 -45.8587 2 2 0
0.591078 -45.7626 -45.7626 2 2 0
0.587477 -45.6664 -45.6664 2 2 0
0.583855 -45.5703 -45.5703 2 2 0
0.580211 -45.4741 -45.4741 2 2 0
0.576544 -45.3778 -45.3778 2 2 0
0.572853 -45.2816 -45.2816 2 2 0
0.569137 -45.1853 -45.1853 2 2 0
0.565394 -45.089 -45.089 2 2 0
0.561623 -44.9926 -44.9926 2 2 0
0.557822 -44.8963 -44.8963 2 2 0
0.55399 -44.7999 -44.7999 2 2 0
0.550126 -44.7036 -44.7036 2 2 0
0.546227 -44.6072 -44.6072 2 2 0
0.542292 -44.5108 -44.5108 2 2 0
0.538319 -44.4144 -44.4144 2 2 0
0.534306 -44.318 -44.318 2 2 0
0.530252 -44.2216 -44.2216 2 2 0
0.526154 -44.1253 -44.1253 2 2 0
0.52201 -44.0289 -44.0289 2 2 0
0.517818 -43.9326 -43.9326 2 2 0
0.513575 -43.8362 -43.8362 2 2 0
0.50928 -43.7399 -43.7399 2 2 0
0.50493 -43.6436 -43.6436 2 2 0
0.500522 -43.5474 -43.5474 2 2 0
0.496055 -43.4511 -43.4511 2 2 0
0.491524 -43.355 -43.355 2 2 0
0.486929 -43.2588 -43.2588 2 2 0
0.482265 -43.1627 -43.1627 2 2 0
0.47753 -43.0666 -43.0666 2 2 0
0.472721 -42.9706 -42.9706 2 2 0
0.467835 -42.8746 -42.8746 2 2 0
0.46287 -42.7787 -42.7787 2 2 0
0.457821 -42.6828 -42.6828 2 2 0
0.452687 -42.587 -42.587 2 2 0
0.447462 -42.4913 -42.4913 2 2 0
0.442146 -42.3956 -42.3956 2 2 0
0.436733 -42.3 -42.3 2 2 0
0.431221 -42.2045 -42.2045 2 2 0
0.425606 -42.109 -42.109 2 2 0
0.419884 -42.0137 -42.0137 2 2 0
0.414053 -41.9184 -41.9184 2 2 0
0.408108 -41.8232 -41.8232 2 2 0
0.402046 -41.7281 -41.7281 2 2 0
0.395863 -41.6331 -41.6331 2 2 0
0.389556 -41.5382 -41.5382 2 2 0
0.383121 -41.4435 -41.4435 2 2 0
0.376553 -41.3488 -41.3488 2 2 0
0.36985 -41.2542 -41.2542 2 2 0
0.363008 -41.1598 -41.1598 2 2 0
0.356022 -41.0654 -41.0654 2 2 0
0.348889 -40.9712 -40.9712 2 2 0
0.341605 -40.8771 -40.8771 2 2 0
0.334166 -40.7832 -40.7832 2 2 0
0.326569 -40.6893 -40.6893 2 2 0
0.318809 -40.5956 -40.5956 2 2 0
0.310884 -40.5021 -40.5021 2 2 0
0.302788 -40.4086 -40.4086 2 2 0
0.294519 -40.3153 -40.3153 2 2 0
0.286072 -40.2222 -40.2222 2 2 0
0.277444 -40.1292 -40.1292 2 2 0
0.268631 -40.0364 -40.0364 2 2 0
0.259631 -39.9437 -39.9437 2 2 0
0.250438 -39.8511 -39.8511 2 2 0
0.24105 -39.7587 -39.7587 2 2 0
0.231463 -39.6665 -39.6665 2 2 0
0.221674 -39.5744 -39.5744 2 2 0
0.211679 -39.4824 -39.4824 2 2 0
0.201476 -39.3907 -39.3907 2 2 0
0.191061 -39.299 -39.299 2 2 0
0.18043 -39.2076 -39.2076 2 2 0
0.169582 -39.1163 -39.1163 2 2 0
0.158513 -39.0251 -39.0251 2 2 0
0.14722 -38.9341 -38.9341 2 2 0
0.135701 -38.8433 -38.8433 2 2 0
0.123952 -38.7526 -38.7526 2 2 0
0.111972 -38.6621 -38.6621 2 2 0
0.0997587 -38.5717 -38.5717 2 2 0
0.0873088 -38.4814 -38.4814 2 2 0
0.0746206 -38.3914 -38.3914 2 2 0
0.0616921 -38.3014 -38.3014 2 2 0
0.0485214 -38.2116 -38.2116 2 2 0
0.0351068 -38.122 -38.122 2 2 0
0.0214468 -38.0324 -38.0324 2 2 0
0.00753983 -37.9431 -37.9431 2 2 0
-0.00661532 -37.8538 -37.8538 2 2 0
-0.0210198 -37.7647 -37.7647 2 2 0
-0.0356745 -37.6757 -37.6757 2 2 0
-0.0505803 -37.5869 -37.5869 2 2 0
-0.0657377 -37.4981 -37.4981 2 2 0
-0.0811472 -37.4095 -37.4095 2 2 0
-0.096809 -37.321 -37.321 2 2 0
-0.112723 -37.2325 -37.2325 2 2 0
-0.12889 -37.1442 -37.1442 2 2 0
-0.145308 -37.056 -37.056 2 2 0
-0.161977 -36.9679 -36.9679 2 2 0
-0.178897 -36.8799 -36.8799 2 2 0
-0.196066 -36.7919 -36.7919 2 2 0
-0.213483 -36.704 -36.704 2 2 0
-0.231148 -36.6162 -36.6162 2 2 0
-0.249056 -36.5285 -36.5285 2 2 0
-0.267208 -36.4408 -36.4408 2 2 0
-0.285601 -36.3532 -36.3532 2 2 0
-0.304231 -36.2656 -36.2656 2 2 0
-0.323097 -36.1781 -36.1781 2 2 0
-0.342195 -36.0906 -36.0906 2 2 0
-0.361522 -36.0031 -36.0031 2 2 0
-0.381073 -35.9156 -35.9156 2 2 0
-0.400846 -35.8282 -35.8282 2 2 0
-0.420836 -35.7408 -35.7408 2 2 0
-0.441038 -35.6534 -35.6534 2 2 0
-0.461447 -35.5659 -35.5659 2 2 0
-0.482057 -35.4785 -35.4785 2 2 0
-0.502864 -35.391 -35.391 2 2 0
-0.523861 -35.3035 -35.3035 2 2 0
-0.545041 -35.216 -35.216 2 2 0
-0.566397 -35.1285 -35.1285 2 2 0
-0.587924 -35.0409 -35.0409 2 2 0
-0.609612 -34.9532 -34.9532 2 2 0
-0.631453 -34.8655 -34.8655 2 2 0
-0.65344 -34.7777 -34.7777 2 2 0
-0.675563 -34.6898 -34.6898 2 2 0
-0.697813 -34.6018 -34.6018 2 2 0
-0.720179 -34.5137 -34.5137 2 2 0
-0.742652 -34.4256 -34.4256 2 2 0
-0.765221 -34.3373 -34.3373 2 2 0
-0.787873 -34.2489 -34.2489 2 2 0
-0.810598 -34.1603 -34.1603 2 2 0
-0.833382 -34.0716 -34.0716 2 2 0
-0.856212 -33.9828 -33.9828 2 2 0
-0.879076 -33.8938 -33.8938 2 2 0
-0.901958 -33.8047 -33.8047 2 2 0
-0.924844 -33.7153 -33.7153 2 2 0
-0.947718 -33.6258 -33.6258 2 2 0
-0.970564 -33.5361 -33.5361 2 2 0
-0.993365 -33.4462 -33.4462 2 2 0
-1.0161 -33.3561 -33.3561 2 2 0
-1.03876 -33.2658 -33.2658 2 2 0
-1.06132 -33.1752 -33.1752 2 2 0
-1.08376 -33.0844 -33.0844 2 2 0
-1.10606 -32.9934 -32.9934 2 2 0
-1.1282 -32.9021 -32.9021 2 2 0
-1.15016 -32.8105 -32.8105 2 2 0
-1.17192 -32.7187 -32.7187 2 2 0
-1.19344 -32.6266 -32.6266 2 2 0
-1.21471 -32.5343 -32.5343 2 2 0
-1.23571 -32.4416 -32.4416 2 2 0
-1.2564 -32.3486 -32.3486 2 2 0
-1.27676 -32.2554 -32.2554 2 2 0
-1.29676 -32.1618 -32.1618 2 2 0
-1.31638 -32.0679 -32.0679 2 2 0
-1.33558 -31.9737 -31.9737 2 2 0
-1.35434 -31.8792 -31.8792 2 2 0
-1.37262 -31.7843 -31.7843 2 2 0
-1.39039 -31.6892 -31.6892 2 2 0
-1.40763 -31.5937 -31.5937 2 2 0
-1.42429 -31.4978 -31.4978 2 2 0
-1.44035 -31.4017 -31.4017 2 2 0
-1.45578 -31.3052 -31.3052 2 2 0
-1.47053 -31.2085 -31.2085 2 2 0
-1.48458 -31.1114 -31.1114 2 2 0
-1.49789 -31.014 -31.014 2 2 0
-1.51042 -30.9163 -30.9163 2 2 0
-1.52215 -30.8183 -30.8183 2 2 0
-1.53303 -30.7201 -30.7201 2 2 0
-1.54304 -30.6216 -30.6216 2 2 0
-1.55214 -30.5228 -30.5228 2 2 0
-1.56031 -30.4239 -30.4239 2 2 0
-1.5675 -30.3247 -30.3247 2 2 0
-1.57369 -30.2254 -30.2254 2 2 0
-1.57885 -30.1259 -30.1259 2 2 0
-1.58296 -30.0263 -30.0263 2 2 0
-1.58598 -29.9266 -29.9266 2 2 0
-1.58791 -29.8268 -29.8268 2 2 0
-1.58871 -29.727 -29.727 2 2 0
-1.58874 -29.7065 -29.7065 2 2 0
-1.58816 -29.6067 -29.6067 2 2 0
-1.58643 -29.507 -29.507 2 2 0
-1.58353 -29.4073 -29.4073 2 2 0
-1.57945 -29.3077 -29.3077 2 2 0
-1.57419 -29.2083 -29.2083 2 2 0
-1.56774 -29.1091 -29.1091 2 2 0
-1.56011 -29.0102 -29.0102 2 2 0
-1.5513 -28.9115 -28.9115 2 2 0
-1.54132 -28.8132 -28.8132 2 2 0
-1.53018 -28.7152 -28.7152 2 2 0
-1.5179 -28.6176 -28.6176 2 2 0
-1.50449 -28.5204 -28.5204 2 2 0
-1.48997 -28.4237 -28.4237 2 2 0
-1.47436 -28.3276 -28.3276 2 2 0
-1.4577 -28.2319 -28.2319 2 2 0
-1.44001 -28.1369 -28.1369 2 2 0
-1.42131 -28.0424 -28.0424 2 2 0
-1.40164 -27.9486 -27.9486 2 2 0
-1.38104 -27.8555 -27.8555 2 2 0
-1.35954 -27.763 -27.763 2 2 0
-1.33717 -27.6712 -27.6712 2 2 0
-1.31398 -27.5802 -27.5802 2 2 0
-1.28999 -27.4899 -27.4899 2 2 0
-1.26526 -27.4005 -27.4005 2 2 0
-1.23981 -27.3118 -27.3118 2 2 0
-1.21369 -27.2239 -27.2239 2 2 0
-1.18693 -27.1368 -27.1368 2 2 0
-1.15958 -27.0505 -27.0505 2 2 0
-1.13168 -26.9651 -26.9651 2 2 0
-1.10326 -26.8806 -26.8806 2 2 0
-1.07436 -26.7969 -26.7969 2 2 0
-1.04502 -26.714 -26.714 2 2 0
-1.01528 -26.6321 -26.6321 2 2 0
-0.985178 -26.551 -26.551 2 2 0
-0.954743 -26.4708 -26.4708 2 2 0
-0.924015 -26.3915 -26.3915 2 2 0
-0.893028 -26.3131 -26.3131 2 2 0
-0.861816 -26.2356 -26.2356 2 2 0
-0.830412 -26.159 -26.159 2 2 0
-0.798847 -26.0834 -26.0834 2 2 0
-0.767154 -26.0086 -26.0086 2 2 0
-0.735365 -25.9347 -25.9347 2 2 0
-0.70351 -25.8618 -25.8618 2 2 0
-0.671618 -25.7898 -25.7898 2 2 0
-0.639718 -25.7187 -25.7187 2 2 0
-0.607838 -25.6485 -25.6485 2 2 0
-0.576003 -25.5793 -25.5793 2 2 0
-0.544241 -25.511 -25.511 2 2 0
-0.512577 -25.4437 -25.4437 2 2 0
-0.481034 -25.3773 -25.3773 2 2 0
-0.449641 -25.3118 -25.3118 2 2 0
-0.418416 -25.2473 -25.2473 2 2 0
-0.387382 -25.1838 -25.1838 2 2 0
-0.356559 -25.1212 -25.1212 2 2 0
-0.32597 -25.0595 -25.0595 2 2 0
-0.295633 -24.9989 -24.9989 2 2 0
-0.265567 -24.9392 -24.9392 2 2 0
-0.23579 -24.8804 -24.8804 2 2 0
-0.206321 -24.8227 -24.8227 2 2 0
-0.177176 -24.7659 -24.7659 2 2 0
-0.14837 -24.7101 -24.7101 2 2 0
-0.119918 -24.6552 -24.6552 2 2 0
-0.091836 -24.6014 -24.6014 2 2 0
-0.0641362 -24.5485 -24.5485 2 2 0
-0.0368317 -24.4967 -24.4967 2 2 0
-0.00993445 -24.4458 -24.4458 2 2 0
0.0165443 -24.3959 -24.3959 2 2 0
0.0425941 -24.347 -24.347 2 2 0
0.0682054 -24.2991 -24.2991 2 2 0
0.0933692 -24.2522 -24.2522 2 2 0
0.118078 -24.2063 -24.2063 2 2 0
0.142323 -24.1614 -24.1614 2 2 0
0.166099 -24.1175 -24.1175 2 2 0
0.1894 -24.0745 -24.0745 2 2 0
0.21222 -24.0326 -24.0326 2 2 0
0.234556 -23.9916 -23.9916 2 2 0
0.256403 -23.9517 -23.9517 2 2 0
0.277759 -23.9127 -23.9127 2 2 0
0.298621 -23.8746 -23.8746 2 2 0
0.318988 -23.8376 -23.8376 2 2 0
0.338859 -23.8015 -23.8015 2 2 0
0.358233 -23.7663 -23.7663 2 2 0
0.377112 -23.7321 -23.7321 2 2 0
0.395495 -23.6989 -23.6989 2 2 0
0.413384 -23.6665 -23.6665 2 2 0
0.430782 -23.6351 -23.6351 2 2 0
0.447691 -23.6047 -23.6047 2 2 0
0.464113 -23.5751 -23.5751 2 2 0
0.480053 -23.5464 -23.5464 2 2 0
0.495514 -23.5186 -23.5186 2 2 0
0.5105 -23.4917 -23.4917 2 2 0
0.525017 -23.4656 -23.4656 2 2 0
0.53907 -23.4404 -23.4404 2 2 0
0.552663 -23.416 -23.416 2 2 0
0.565803 -23.3925 -23.3925 2 2 0
0.578496 -23.3697 -23.3697 2 2 0
0.590748 -23.3478 -23.3478 2 2 0
0.602566 -23.3266 -23.3266 2 2 0
0.613955 -23.3063 -23.3063 2 2 0
0.624924 -23.2867 -23.2867 2 2 0
0.635479 -23.2678 -23.2678 2 2 0
0.645628 -23.2497 -23.2497 2 2 0
0.655378 -23.2322 -23.2322 2 2 0
0.664736 -23.2155 -23.2155 2 2 0
0.67371 -23.1995 -23.1995 2 2 0
0.682308 -23.1841 -23.1841 2 2 0
0.690537 -23.1695 -23.1695 2 2 0
0.698405 -23.1554 -23.1554 2 2 0
0.705919 -23.142 -23.142 2 2 0
0.713088 -23.1292 -23.1292 2 2 0
0.719919 -23.117 -23.117 2 2 0
0.72642 -23.1054 -23.1054 2 2 0
0.732598 -23.0944 -23.0944 2 2 0
0.738462 -23.084 -23.084 2 2 0
0.744018 -23.074 -23.074 2 2 0
0.749274 -23.0647 -23.0647 2 2 0
0.754238 -23.0558 -23.0558 2 2 0
0.758917 -23.0475 -23.0475 2 2 0
0.763318 -23.0396 -23.0396 2 2 0
0.767448 -23.0323 -23.0323 2 2 0
0.771316 -23.0254 -23.0254 2 2 0
0.774926 -23.0189 -23.0189 2 2 0
0.778287 -23.0129 -23.0129 2 2 0
0.781406 -23.0074 -23.0074 2 2 0
0.784288 -23.0022 -23.0022 2 2 0
0.786941 -22.9975 -22.9975 2 2 0
0.789371 -22.9932 -22.9932 2 2 0
0.791584 -22.9892 -22.9892 2 2 0
0.793587 -22.9857 -22.9857 2 2 0
0.795386 -22.9825 -22.9825 2 2 0
0.796986 -22.9796 -22.9796 2 2 0
0.798394 -22.9771 -22.9771 2 2 0
0.799616 -22.9749 -22.9749 2 2 0
0.800656 -22.9731 -22.9731 2 2 0
0.801521 -22.9715 -22.9715 2 2 0
0.802216 -22.9703 -22.9703 2 2 0
0.802746 -22.9694 -22.9694 2 2 0
0.803116 -22.9687 -22.9687 2 2 0
0.803332 -22.9683 -22.9683 2 2 0
0.803399 -22.9682 -22.9682 2 2 0
0.803327 -22.9683 -22.9683 2 2 0
0.803115 -22.9687 -22.9687 2 2 0
0.802767 -22.9693 -22.9693 2 2 0
0.802288 -22.9702 -22.9702 2 2 0
0.801683 -22.9712 -22.9712 2 2 0
0.800955 -22.9725 -22.9725 2 2 0
0.800109 -22.9741 -22.9741 2 2 0
0.799148 -22.9758 -22.9758 2 2 0
0.798078 -22.9777 -22.9777 2 2 0
0.796901 -22.9798 -22.9798 2 2 0
0.795621 -22.982 -22.982 2 2 0
0.794243 -22.9845 -22.9845 2 2 0
0.792769 -22.9871 -22.9871 2 2 0
0.791204 -22.9899 -22.9899 2 2 0
0.78955 -22.9929 -22.9929 2 2 0
0.787811 -22.996 -22.996 2 2 0
0.78599 -22.9992 -22.9992 2 2 0
0.78409 -23.0026 -23.0026 2 2 0
0.782115 -23.0061 -23.0061 2 2 0
0.780066 -23.0098 -23.0098 2 2 0
0.777948 -23.0135 -23.0135 2 2 0
0.775763 -23.0174 -23.0174 2 2 0
0.773513 -23.0215 -23.0215 2 2 0
0.771202 -23.0256 -23.0256 2 2 0
0.768831 -23.0298 -23.0298 2 2 0
0.766403 -23.0341 -23.0341 2 2 0
0.763921 -23.0386 -23.0386 2 2 0
0.761387 -23.0431 -23.0431 2 2 0
0.758803 -23.0477 -23.0477 2 2 0
0.756172 -23.0524 -23.0524 2 2 0
0.753495 -23.0571 -23.0571 2 2 0
0.750774 -23.062 -23.062 2 2 0
0.748012 -23.0669 -23.0669 2 2 0
0.745211 -23.0719 -23.0719 2 2 0
0.742371 -23.077 -23.077 2 2 0
0.739496 -23.0821 -23.0821 2 2 0
0.736586 -23.0873 -23.0873 2 2 0
0.733643 -23.0925 -23.0925 2 2 0
0.730669 -23.0978 -23.0978 2 2 0
0.727666 -23.1032 -23.1032 2 2 0
0.724634 -23.1086 -23.1086 2 2 0
0.721576 -23.1141 -23.1141 2 2 0
0.718492 -23.1196 -23.1196 2 2 0
0.715384 -23.1251 -23.1251 2 2 0
0.712252 -23.1307 -23.1307 2 2 0
0.709099 -23.1363 -23.1363 2 2 0
0.705926 -23.142 -23.142 2 2 0
0.702732 -23.1477 -23.1477 2 2 0
0.699519 -23.1534 -23.1534 2 2 0
0.696289 -23.1592 -23.1592 2 2 0
0.693042 -23.165 -23.165 2 2 0
0.689778 -23.1708 -23.1708 2 2 0
0.686499 -23.1767 -23.1767 2 2 0
0.683205 -23.1825 -23.1825 2 2 0
0.679897 -23.1884 -23.1884 2 2 0
0.676575 -23.1944 -23.1944 2 2 0
0.673241 -23.2003 -23.2003 2 2 0
0.669893 -23.2063 -23.2063 2 2 0
0.666533 -23.2123 -23.2123 2 2 0
0.663161 -23.2183 -23.2183 2 2 0
0.659778 -23.2244 -23.2244 2 2 0
0.656383 -23.2304 -23.2304 2 2 0
0.652977 -23.2365 -23.2365 2 2 0
0.64956 -23.2426 -23.2426 2 2 0
0.646131 -23.2487 -23.2487 2 2 0
0.642692 -23.2549 -23.2549 2 2 0
0.639241 -23.2611 -23.2611 2 2 0
0.635779 -23.2672 -23.2672 2 2 0
0.632306 -23.2734 -23.2734 2 2 0
0.62882 -23.2797 -23.2797 2 2 0
0.625323 -23.2859 -23.2859 2 2 0
0.621813 -23.2922 -23.2922 2 2 0
0.61829 -23.2985 -23.2985 2 2 0
0.614754 -23.3048 -23.3048 2 2 0
0.611203 -23.3112 -23.3112 2 2 0
0.607638 -23.3176 -23.3176 2 2 0
0.604058 -23.324 -23.324 2 2 0
0.600462 -23.3304 -23.3304 2 2 0
0.596849 -23.3369 -23.3369 2 2 0
0.593217 -23.3434 -23.3434 2 2 0
0.589567 -23.3499 -23.3499 2 2 0
0.585898 -23.3565 -23.3565 2 2 0
0.582207 -23.3631 -23.3631 2 2 0
0.578494 -23.3697 -23.3697 2 2 0
0.574757 -23.3764 -23.3764 2 2 0
0.570996 -23.3831 -23.3831 2 2 0
0.567208 -23.3899 -23.3899 2 2 0
0.563393 -23.3968 -23.3968 2 2 0
