-2 -64.0502 -64.0502 2 1 0
-1.97962 -64.0259 -64.0259 1 1 0
-1.95934 -64.0015 -64.0015 1 1 0
-1.91905 -63.9526 -63.9526 1 1 0
-1.86921 -63.8913 -63.8913 1 1 0
-1.81997 -63.8298 -63.8298 1 1 0
-1.77131 -63.768 -63.768 1 1 0
-1.72323 -63.706 -63.706 1 1 0
-1.67575 -63.6438 -63.6438 1 1 0
-1.62886 -63.5813 -63.5813 1 1 0
-1.58255 -63.5186 -63.5186 1 1 0
-1.53684 -63.4558 -63.4558 1 1 0
-1.49171 -63.3927 -63.3927 1 1 0
-1.44718 -63.3293 -63.3293 1 1 0
-1.40323 -63.2658 -63.2658 1 1 0
-1.35987 -63.2021 -63.2021 1 1 0
-1.3171 -63.1382 -63.1382 1 1 0
-1.27491 -63.0741 -63.0741 1 1 0
-1.2333 -63.0098 -63.0098 1 1 0
-1.19228 -62.9453 -62.9453 1 1 0
-1.15184 -62.8806 -62.8806 1 1 0
-1.11198 -62.8158 -62.8158 1 1 0
-1.0727 -62.7508 -62.7508 1 1 0
-1.03399 -62.6856 -62.6856 1 1 0
-0.995852 -62.6202 -62.6202 1 1 0
-0.958284 -62.5547 -62.5547 1 1 0
-0.921283 -62.489 -62.489 1 1 0
-0.884847 -62.4231 -62.4231 1 1 0
-0.848971 -62.3571 -62.3571 1 1 0
-0.813653 -62.291 -62.291 1 1 0
-0.77889 -62.2247 -62.2247 1 1 0
-0.744677 -62.1582 -62.1582 1 1 0
-0.711012 -62.0916 -62.0916 1 1 0
-0.67789 -62.0249 -62.0249 1 1 0
-0.645308 -61.9581 -61.9581 1 1 0
-0.613262 -61.8911 -61.8911 1 1 0
-0.581747 -61.824 -61.824 1 1 0
-0.550759 -61.7567 -61.7567 1 1 0
-0.520295 -61.6894 -61.6894 1 1 0
-0.490349 -61.6219 -61.6219 1 1 0
-0.460918 -61.5543 -61.5543 1 1 0
-0.431996 -61.4867 -61.4867 1 1 0
-0.403579 -61.4189 -61.4189 1 1 0
-0.375662 -61.351 -61.351 1 1 0
-0.348241 -61.283 -61.283 1 1 0
-0.32131 -61.2149 -61.2149 1 1 0
-0.294864 -61.1467 -61.1467 1 1 0
-0.268899 -61.0784 -61.0784 1 1 0
-0.243409 -61.01 -61.01 1 1 0
-0.21839 -60.9415 -60.9415 1 1 0
-0.193836 -60.873 -60.873 1 1 0
-0.169742 -60.8044 -60.8044 1 1 0
-0.146103 -60.7357 -60.7357 1 1 0
-0.122914 -60.6669 -60.6669 1 1 0
-0.100168 -60.598 -60.598 1 1 0
-0.0778621 -60.5291 -60.5291 1 1 0
-0.0559896 -60.4601 -60.4601 1 1 0
-0.0345455 -60.391 -60.391 1 1 0
-0.0135245 -60.3219 -60.3219 1 1 0
0.00707881 -60.2527 -60.2527 1 1 0
0.0272697 -60.1835 -60.1835 1 1 0
0.0470536 -60.1141 -60.1141 1 1 0
0.0664358 -60.0448 -60.0448 1 1 0
0.0854215 -59.9753 -59.9753 1 1 0
0.104016 -59.9059 -59.9059 1 1 0
0.122225 -59.8363 -59.8363 1 1 0
0.140054 -59.7668 -59.7668 1 1 0
0.157507 -59.6971 -59.6971 1 1 0
0.17459 -59.6275 -59.6275 1 1 0
0.191309 -59.5578 -59.5578 1 1 0
0.207668 -59.488 -59.488 1 1 0
0.223673 -59.4182 -59.4182 1 1 0
0.239329 -59.3484 -59.3484 1 1 0
0.254641 -59.2785 -59.2785 1 1 0
0.269614 -59.2086 -59.2086 1 1 0
0.284253 -59.1386 -59.1386 1 1 0
0.298563 -59.0686 -59.0686 1 1 0
0.312549 -58.9986 -58.9986 1 1 0
0.326216 -58.9286 -58.9286 1 1 0
0.33957 -58.8585 -58.8585 1 1 0
0.352614 -58.7884 -58.7884 1 1 0
0.365354 -58.7183 -58.7183 1 1 0
0.377794 -58.6481 -58.6481 1 1 0
0.38994 -58.5779 -58.5779 1 1 0
0.401796 -58.5077 -58.5077 1 1 0
0.413366 -58.4375 -58.4375 1 1 0
0.424655 -58.3672 -58.3672 1 1 0
0.435668 -58.2969 -58.2969 1 1 0
0.44641 -58.2266 -58.2266 1 1 0
0.456884 -58.1563 -58.1563 1 1 0
0.467096 -58.086 -58.086 1 1 0
0.477048 -58.0156 -58.0156 1 1 0
0.486747 -57.9452 -57.9452 1 1 0
0.496196 -57.8748 -57.8748 1 1 0
0.5054 -57.8044 -57.8044 1 1 0
0.514361 -57.734 -57.734 1 1 0
0.523086 -57.6635 -57.6635 1 1 0
0.531577 -57.5931 -57.5931 1 1 0
0.539839 -57.5226 -57.5226 1 1 0
0.547876 -57.4521 -57.4521 1 1 0
0.555691 -57.3816 -57.3816 1 1 0
0.563289 -57.3111 -57.3111 1 1 0
0.570674 -57.2406 -57.2406 1 1 0
0.577848 -57.1701 -57.1701 1 1 0
0.584817 -57.0996 -57.0996 1 1 0
0.591583 -57.029 -57.029 1 1 0
0.59815 -56.9584 -56.9584 1 1 0
0.604522 -56.8879 -56.8879 1 1 0
0.610703 -56.8173 -56.8173 1 1 0
0.616695 -56.7467 -56.7467 1 1 0
0.622502 -56.6761 -56.6761 1 1 0
0.628128 -56.6055 -56.6055 1 1 0
0.633576 -56.5349 -56.5349 1 1 0
0.638849 -56.4643 -56.4643 1 1 0
0.643951 -56.3937 -56.3937 1 1 0
0.648885 -56.3231 -56.3231 1 1 0
0.653653 -56.2524 -56.2524 1 1 0
0.658259 -56.1818 -56.1818 1 1 0
0.662707 -56.1112 -56.1112 1 1 0
0.666998 -56.0405 -56.0405 1 1 0
0.671137 -55.9699 -55.9699 1 1 0
0.675125 -55.8992 -55.8992 1 1 0
0.678966 -55.8286 -55.8286 1 1 0
0.682663 -55.7579 -55.7579 1 1 0
0.686219 -55.6872 -55.6872 1 1 0
0.689636 -55.6166 -55.6166 1 1 0
0.692916 -55.5459 -55.5459 1 1 0
0.696064 -55.4752 -55.4752 1 1 0
0.69908 -55.4045 -55.4045 1 1 0
0.701969 -55.3338 -55.3338 1 1 0
0.704732 -55.2632 -55.2632 1 1 0
0.707372 -55.1925 -55.1925 1 1 0
0.709891 -55.1218 -55.1218 1 1 0
0.712292 -55.0511 -55.0511 1 1 0
0.714578 -54.9804 -54.9804 1 1 0
0.71675 -54.9097 -54.9097 1 1 0
0.71881 -54.839 -54.839 1 1 0
0.720762 -54.7683 -54.7683 1 1 0
0.722608 -54.6976 -54.6976 1 1 0
0.724349 -54.6269 -54.6269 1 1 0
0.725988 -54.5562 -54.5562 1 1 0
0.727527 -54.4855 -54.4855 1 1 0
0.728968 -54.4148 -54.4148 1 1 0
0.730313 -54.3441 -54.3441 1 1 0
0.731564 -54.2734 -54.2734 1 1 0
0.732724 -54.2027 -54.2027 1 1 0
0.733793 -54.132 -54.132 1 1 0
0.734775 -54.0613 -54.0613 1 1 0
0.735671 -53.9906 -53.9906 1 1 0
0.736482 -53.9199 -53.9199 1 1 0
0.737211 -53.8492 -53.8492 1 1 0
0.73786 -53.7784 -53.7784 1 1 0
0.73843 -53.7077 -53.7077 1 1 0
0.738923 -53.637 -53.637 1 1 0
0.73934 -53.5663 -53.5663 1 1 0
0.739684 -53.4956 -53.4956 1 1 0
0.739956 -53.4249 -53.4249 1 1 0
0.740158 -53.3542 -53.3542 1 1 0
0.740291 -53.2835 -53.2835 1 1 0
0.740357 -53.2128 -53.2128 1 1 0
0.740366 -53.177 -53.177 2 1 0
0.740365 -53.176 -53.176 2 1 0
0.740332 -53.1053 -53.1053 2 1 0
0.740236 -53.0346 -53.0346 2 1 0
0.740078 -52.9639 -52.9639 2 1 0
0.739859 -52.8932 -52.8932 2 1 0
0.739582 -52.8225 -52.8225 2 1 0
0.739247 -52.7518 -52.7518 2 1 0
0.738856 -52.6811 -52.6811 2 1 0
0.73841 -52.6103 -52.6103 2 1 0
0.73791 -52.5396 -52.5396 2 1 0
0.737359 -52.4689 -52.4689 2 1 0
0.736756 -52.3982 -52.3982 2 1 0
0.736104 -52.3275 -52.3275 2 1 0
0.735403 -52.2568 -52.2568 2 1 0
0.734655 -52.1861 -52.1861 2 1 0
0.733861 -52.1154 -52.1154 2 1 0
0.733023 -52.0447 -52.0447 2 1 0
0.73214 -51.974 -51.974 2 1 0
0.731215 -51.9033 -51.9033 2 1 0
0.730248 -51.8325 -51.8325 2 1 0
0.729241 -51.7618 -51.7618 2 1 0
0.728194 -51.6911 -51.6911 2 1 0
0.727109 -51.6204 -51.6204 2 1 0
0.725986 -51.5497 -51.5497 2 1 0
0.724827 -51.479 -51.479 2 1 0
0.723633 -51.4083 -51.4083 2 1 0
0.722404 -51.3376 -51.3376 2 1 0
0.721142 -51.2669 -51.2669 2 1 0
0.719847 -51.1962 -51.1962 2 1 0
0.71852 -51.1255 -51.1255 2 1 0
0.717162 -51.0548 -51.0548 2 1 0
0.715774 -50.9841 -50.9841 2 1 0
0.714358 -50.9134 -50.9134 2 1 0
0.712912 -50.8427 -50.8427 2 1 0
0.711439 -50.772 -50.772 2 1 0
0.709939 -50.7013 -50.7013 2 1 0
0.708413 -50.6306 -50.6306 2 1 0
0.706862 -50.5599 -50.5599 2 1 0
0.705286 -50.4892 -50.4892 2 1 0
0.703687 -50.4185 -50.4185 2 1 0
0.702064 -50.3478 -50.3478 2 1 0
0.700418 -50.2771 -50.2771 2 1 0
0.698751 -50.2064 -50.2064 2 1 0
0.697062 -50.1357 -50.1357 2 1 0
0.695353 -50.065 -50.065 2 1 0
0.693624 -49.9943 -49.9943 2 1 0
0.691875 -49.9236 -49.9236 2 1 0
0.690107 -49.8529 -49.8529 2 1 0
0.688321 -49.7822 -49.7822 2 1 0
0.686518 -49.7115 -49.7115 2 1 0
0.684697 -49.6408 -49.6408 2 1 0
0.682859 -49.5701 -49.5701 2 1 0
0.681005 -49.4994 -49.4994 2 1 0
0.679135 -49.4287 -49.4287 2 1 0
0.67725 -49.358 -49.358 2 1 0
0.675351 -49.2873 -49.2873 2 1 0
0.673436 -49.2166 -49.2166 2 1 0
0.671508 -49.1459 -49.1459 2 1 0
0.669566 -49.0752 -49.0752 2 1 0
0.667611 -49.0045 -49.0045 2 1 0
0.665642 -48.9338 -48.9338 2 1 0
0.663662 -48.8631 -48.8631 2 1 0
0.661669 -48.7924 -48.7924 2 1 0
0.659664 -48.7217 -48.7217 2 1 0
0.657648 -48.651 -48.651 2 1 0
0.655621 -48.5803 -48.5803 2 1 0
0.653582 -48.5096 -48.5096 2 1 0
0.651533 -48.4389 -48.4389 2 1 0
0.649473 -48.3682 -48.3682 2 1 0
0.647403 -48.2975 -48.2975 2 1 0
0.645323 -48.2268 -48.2268 2 1 0
0.643233 -48.1561 -48.1561 2 1 0
0.641134 -48.0854 -48.0854 2 1 0
0.639025 -48.0147 -48.0147 2 1 0
0.636907 -47.944 -47.944 2 1 0
0.634779 -47.8733 -47.8733 2 1 0
0.632643 -47.8027 -47.8027 2 1 0
0.630498 -47.732 -47.732 2 1 0
0.628343 -47.6613 -47.6613 2 1 0
0.626181 -47.5906 -47.5906 2 1 0
0.624009 -47.5199 -47.5199 2 1 0
0.621829 -47.4492 -47.4492 2 1 0
0.61964 -47.3785 -47.3785 2 1 0
0.617442 -47.3078 -47.3078 2 1 0
0.615237 -47.2371 -47.2371 2 1 0
0.613022 -47.1664 -47.1664 2 1 0
0.610799 -47.0957 -47.0957 2 1 0
0.608567 -47.025 -47.025 2 1 0
0.606326 -46.9543 -46.9543 2 1 0
0.604077 -46.8836 -46.8836 2 1 0
0.601819 -46.8129 -46.8129 2 1 0
0.599552 -46.7423 -46.7423 2 1 0
0.597276 -46.6716 -46.6716 2 1 0
0.59499 -46.6009 -46.6009 2 1 0
0.592695 -46.5302 -46.5302 2 1 0
0.590391 -46.4595 -46.4595 2 1 0
0.588076 -46.3888 -46.3888 2 1 0
0.585752 -46.3181 -46.3181 2 1 0
0.583418 -46.2474 -46.2474 2 1 0
0.581073 -46.1767 -46.1767 2 1 0
0.578717 -46.106 -46.106 2 1 0
0.57635 -46.0353 -46.0353 2 1 0
0.573972 -45.9647 -45.9647 2 1 0
0.571583 -45.894 -45.894 2 1 0
0.569181 -45.8233 -45.8233 2 1 0
0.566768 -45.7526 -45.7526 2 1 0
0.564341 -45.6819 -45.6819 2 1 0
0.561902 -45.6112 -45.6112 2 1 0
0.559449 -45.5405 -45.5405 2 1 0
0.556982 -45.4698 -45.4698 2 1 0
0.5545 -45.3991 -45.3991 2 1 0
0.552004 -45.3285 -45.3285 2 1 0
0.549493 -45.2578 -45.2578 2 1 0
0.546966 -45.1871 -45.1871 2 1 0
0.544422 -45.1164 -45.1164 2 1 0
0.541862 -45.0457 -45.0457 2 1 0
0.539284 -44.975 -44.975 2 1 0
0.536688 -44.9043 -44.9043 2 1 0
0.534073 -44.8336 -44.8336 2 1 0
0.531439 -44.763 -44.763 2 1 0
0.528786 -44.6923 -44.6923 2 1 0
0.526111 -44.6216 -44.6216 2 1 0
0.523415 -44.5509 -44.5509 2 1 0
0.520697 -44.4802 -44.4802 2 1 0
0.517956 -44.4095 -44.4095 2 1 0
0.515192 -44.3389 -44.3389 2 1 0
0.512403 -44.2682 -44.2682 2 1 0
0.509589 -44.1975 -44.1975 2 1 0
0.506749 -44.1268 -44.1268 2 1 0
0.503882 -44.0561 -44.0561 2 1 0
0.500987 -43.9854 -43.9854 2 1 0
0.498063 -43.9148 -43.9148 2 1 0
0.49511 -43.8441 -43.8441 2 1 0
0.492126 -43.7734 -43.7734 2 1 0
0.489111 -43.7027 -43.7027 2 1 0
0.486063 -43.6321 -43.6321 2 1 0
0.482981 -43.5614 -43.5614 2 1 0
0.479865 -43.4907 -43.4907 2 1 0
0.476712 -43.42 -43.42 2 1 0
0.473523 -43.3494 -43.3494 2 1 0
0.470296 -43.2787 -43.2787 2 1 0
0.467029 -43.208 -43.208 2 1 0
0.463723 -43.1373 -43.1373 2 1 0
0.460374 -43.0667 -43.0667 2 1 0
0.456982 -42.996 -42.996 2 1 0
0.453547 -42.9253 -42.9253 2 1 0
0.450066 -42.8547 -42.8547 2 1 0
0.446538 -42.784 -42.784 2 1 0
0.442962 -42.7133 -42.7133 2 1 0
0.439336 -42.6427 -42.6427 2 1 0
0.43566 -42.572 -42.572 2 1 0
0.431931 -42.5014 -42.5014 2 1 0
0.428148 -42.4307 -42.4307 2 1 0
0.42431 -42.3601 -42.3601 2 1 0
0.420416 -42.2894 -42.2894 2 1 0
0.416463 -42.2187 -42.2187 2 1 0
0.41245 -42.1481 -42.1481 2 1 0
0.408376 -42.0774 -42.0774 2 1 0
0.404238 -42.0068 -42.0068 2 1 0
0.400036 -41.9362 -41.9362 2 1 0
0.395768 -41.8655 -41.8655 2 1 0
0.391431 -41.7949 -41.7949 2 1 0
0.387025 -41.7242 -41.7242 2 1 0
0.382547 -41.6536 -41.6536 2 1 0
0.377996 -41.583 -41.583 2 1 0
0.373371 -41.5123 -41.5123 2 1 0
0.368668 -41.4417 -41.4417 2 1 0
0.363887 -41.3711 -41.3711 2 1 0
0.359025 -41.3004 -41.3004 2 1 0
0.354081 -41.2298 -41.2298 2 1 0
0.349053 -41.1592 -41.1592 2 1 0
0.343939 -41.0886 -41.0886 2 1 0
0.338737 -41.018 -41.018 2 1 0
0.333445 -40.9474 -40.9474 2 1 0
0.328062 -40.8768 -40.8768 2 1 0
0.322584 -40.8062 -40.8062 2 1 0
0.317011 -40.7356 -40.7356 2 1 0
0.31134 -40.665 -40.665 2 1 0
0.30557 -40.5944 -40.5944 2 1 0
0.299698 -40.5238 -40.5238 2 1 0
0.293722 -40.4532 -40.4532 2 1 0
0.287641 -40.3827 -40.3827 2 1 0
0.281452 -40.3121 -40.3121 2 1 0
0.275153 -40.2415 -40.2415 2 1 0
0.268742 -40.171 -40.171 2 1 0
0.262218 -40.1004 -40.1004 2 1 0
0.255578 -40.0299 -40.0299 2 1 0
0.24882 -39.9593 -39.9593 2 1 0
0.241942 -39.8888 -39.8888 2 1 0
0.234943 -39.8183 -39.8183 2 1 0
0.22782 -39.7477 -39.7477 2 1 0
0.220571 -39.6772 -39.6772 2 1 0
0.213194 -39.6067 -39.6067 2 1 0
0.205688 -39.5362 -39.5362 2 1 0
0.19805 -39.4657 -39.4657 2 1 0
0.190278 -39.3952 -39.3952 2 1 0
0.182371 -39.3247 -39.3247 2 1 0
0.174327 -39.2543 -39.2543 2 1 0
0.166143 -39.1838 -39.1838 2 1 0
0.157818 -39.1134 -39.1134 2 1 0
0.149351 -39.0429 -39.0429 2 1 0
0.140739 -38.9725 -38.9725 2 1 0
0.131981 -38.902 -38.902 2 1 0
0.123075 -38.8316 -38.8316 2 1 0
0.114019 -38.7612 -38.7612 2 1 0
0.104812 -38.6908 -38.6908 2 1 0
0.095453 -38.6204 -38.6204 2 1 0
0.0859395 -38.5501 -38.5501 2 1 0
0.0762703 -38.4797 -38.4797 2 1 0
0.0664442 -38.4093 -38.4093 2 1 0
0.0564599 -38.339 -38.339 2 1 0
0.046316 -38.2687 -38.2687 2 1 0
0.0360115 -38.1983 -38.1983 2 1 0
0.0255452 -38.128 -38.128 2 1 0
0.014916 -38.0577 -38.0577 2 1 0
0.00412311 -37.9875 -37.9875 2 1 0
-0.00683447 -37.9172 -37.9172 2 1 0
-0.0179575 -37.8469 -37.8469 2 1 0
-0.0292467 -37.7767 -37.7767 2 1 0
-0.0407026 -37.7065 -37.7065 2 1 0
-0.0523259 -37.6363 -37.6363 2 1 0
-0.0641169 -37.5661 -37.5661 2 1 0
-0.076076 -37.4959 -37.4959 2 1 0
-0.0882033 -37.4257 -37.4257 2 1 0
-0.100499 -37.3556 -37.3556 2 1 0
-0.112963 -37.2854 -37.2854 2 1 0
-0.125596 -37.2153 -37.2153 2 1 0
-0.138396 -37.1452 -37.1452 2 1 0
-0.151365 -37.0751 -37.0751 2 1 0
-0.164501 -37.005 -37.005 2 1 0
-0.177803 -36.935 -36.935 2 1 0
-0.191272 -36.8649 -36.8649 2 1 0
-0.204906 -36.7949 -36.7949 2 1 0
-0.218704 -36.7249 -36.7249 2 1 0
-0.232665 -36.6549 -36.6549 2 1 0
-0.246788 -36.5849 -36.5849 2 1 0
-0.261072 -36.515 -36.515 2 1 0
-0.275515 -36.445 -36.445 2 1 0
-0.290115 -36.3751 -36.3751 2 1 0
-0.304871 -36.3052 -36.3052 2 1 0
-0.319781 -36.2353 -36.2353 2 1 0
-0.334842 -36.1654 -36.1654 2 1 0
-0.350052 -36.0956 -36.0956 2 1 0
-0.36541 -36.0257 -36.0257 2 1 0
-0.380911 -35.9559 -35.9559 2 1 0
-0.396554 -35.8861 -35.8861 2 1 0
-0.412336 -35.8163 -35.8163 2 1 0
-0.428254 -35.7466 -35.7466 2 1 0
-0.444304 -35.6768 -35.6768 2 1 0
-0.460483 -35.6071 -35.6071 2 1 0
-0.476787 -35.5373 -35.5373 2 1 0
-0.493214 -35.4676 -35.4676 2 1 0
-0.509758 -35.3979 -35.3979 2 1 0
-0.526417 -35.3283 -35.3283 2 1 0
-0.543185 -35.2586 -35.2586 2 1 0
-0.560058 -35.1889 -35.1889 2 1 0
-0.577033 -35.1193 -35.1193 2 1 0
-0.594103 -35.0497 -35.0497 2 1 0
-0.611265 -34.9801 -34.9801 2 1 0
-0.628513 -34.9105 -34.9105 2 1 0
-0.645842 -34.8409 -34.8409 2 1 0
-0.663247 -34.7713 -34.7713 2 1 0
-0.680721 -34.7017 -34.7017 2 1 0
-0.69826 -34.6322 -34.6322 2 1 0
-0.715858 -34.5626 -34.5626 2 1 0
-0.733508 -34.4931 -34.4931 2 1 0
-0.751204 -34.4235 -34.4235 2 1 0
-0.76894 -34.354 -34.354 2 1 0
-0.78671 -34.2845 -34.2845 2 1 0
-0.804506 -34.2149 -34.2149 2 1 0
-0.822321 -34.1454 -34.1454 2 1 0
-0.84015 -34.0759 -34.0759 2 1 0
-0.857984 -34.0064 -34.0064 2 1 0
-0.875816 -33.9369 -33.9369 2 1 0
-0.893638 -33.8674 -33.8674 2 1 0
-0.911444 -33.7979 -33.7979 2 1 0
-0.929224 -33.7283 -33.7283 2 1 0
-0.946972 -33.6588 -33.6588 2 1 0
-0.964679 -33.5893 -33.5893 2 1 0
-0.982336 -33.5198 -33.5198 2 1 0
-0.999936 -33.4503 -33.4503 2 1 0
-1.01747 -33.3807 -33.3807 2 1 0
-1.03493 -33.3112 -33.3112 2 1 0
-1.0523 -33.2416 -33.2416 2 1 0
-1.06959 -33.172 -33.172 2 1 0
-1.08677 -33.1025 -33.1025 2 1 0
-1.10384 -33.0329 -33.0329 2 1 0
-1.12079 -32.9633 -32.9633 2 1 0
-1.13761 -32.8937 -32.8937 2 1 0
-1.15429 -32.824 -32.824 2 1 0
-1.17082 -32.7544 -32.7544 2 1 0
-1.18719 -32.6847 -32.6847 2 1 0
-1.20339 -32.615 -32.615 2 1 0
-1.21942 -32.5453 -32.5453 2 1 0
-1.23526 -32.4756 -32.4756 2 1 0
-1.25089 -32.4058 -32.4058 2 1 0
-1.26632 -32.3361 -32.3361 2 1 0
-1.28153 -32.2663 -32.2663 2 1 0
-1.29651 -32.1965 -32.1965 2 1 0
-1.31125 -32.1266 -32.1266 2 1 0
-1.32574 -32.0568 -32.0568 2 1 0
-1.33996 -31.9869 -31.9869 2 1 0
-1.35392 -31.917 -31.917 2 1 0
-1.36759 -31.847 -31.847 2 1 0
-1.38097 -31.7771 -31.7771 2 1 0
-1.39404 -31.7071 -31.7071 2 1 0
-1.4068 -31.637 -31.637 2 1 0
-1.41923 -31.567 -31.567 2 1 0
-1.43133 -31.4969 -31.4969 2 1 0
-1.44308 -31.4268 -31.4268 2 1 0
-1.45448 -31.3567 -31.3567 2 1 0
-1.46551 -31.2865 -31.2865 2 1 0
-1.47615 -31.2163 -31.2163 2 1 0
-1.48642 -31.1461 -31.1461 2 1 0
-1.49628 -31.0759 -31.0759 2 1 0
-1.50573 -31.0056 -31.0056 2 1 0
-1.51476 -30.9353 -30.9353 2 1 0
-1.52336 -30.865 -30.865 2 1 0
-1.53153 -30.7946 -30.7946 2 1 0
-1.53924 -30.7242 -30.7242 2 1 0
-1.5465 -30.6538 -30.6538 2 1 0
-1.55328 -30.5834 -30.5834 2 1 0
-1.55959 -30.513 -30.513 2 1 0
-1.56542 -30.4425 -30.4425 2 1 0
-1.57075 -30.372 -30.372 2 1 0
-1.57557 -30.3015 -30.3015 2 1 0
-1.57988 -30.231 -30.231 2 1 0
-1.58367 -30.1605 -30.1605 2 1 0
-1.58694 -30.0899 -30.0899 2 1 0
-1.58967 -30.0194 -30.0194 2 1 0
-1.59185 -29.9488 -29.9488 2 1 0
-1.59348 -29.8783 -29.8783 2 1 0
-1.59456 -29.8077 -29.8077 2 1 0
-1.59508 -29.7371 -29.7371 2 1 0
-1.59512 -29.7086 -29.7086 2 1 0
-1.59484 -29.638 -29.638 2 1 0
-1.59397 -29.5675 -29.5675 2 1 0
-1.59253 -29.4969 -29.4969 2 1 0
-1.59049 -29.4263 -29.4263 2 1 0
0.740366 -53.176 -53.176 2 2 0
0.740366 -53.1902 -53.1902 2 2 0
0.74036 -53.2043 -53.2043 2 2 0
0.740345 -53.2324 -53.2324 2 2 0
0.740283 -53.2885 -53.2885 2 2 0
0.740147 -53.358 -53.358 2 2 0
0.739946 -53.427 -53.427 2 2 0
0.739681 -53.4954 -53.4954 2 2 0
0.739351 -53.5632 -53.5632 2 2 0
0.738958 -53.6305 -53.6305 2 2 0
0.7385 -53.6972 -53.6972 2 2 0
0.737979 -53.7633 -53.7633 2 2 0
0.737396 -53.8289 -53.8289 2 2 0
0.736749 -53.8938 -53.8938 2 2 0
0.73604 -53.9582 -53.9582 2 2 0
0.73527 -54.022 -54.022 2 2 0
0.734438 -54.0852 -54.0852 2 2 0
0.733546 -54.1478 -54.1478 2 2 0
0.732594 -54.2098 -54.2098 2 2 0
0.731583 -54.2712 -54.2712 2 2 0
0.730513 -54.332 -54.332 2 2 0
0.729385 -54.3923 -54.3923 2 2 0
0.728201 -54.4519 -54.4519 2 2 0
0.72696 -54.511 -54.511 2 2 0
0.725663 -54.5695 -54.5695 2 2 0
0.724312 -54.6273 -54.6273 2 2 0
0.722907 -54.6846 -54.6846 2 2 0
0.721449 -54.7413 -54.7413 2 2 0
0.719939 -54.7974 -54.7974 2 2 0
0.718378 -54.853 -54.853 2 2 0
0.716767 -54.9079 -54.9079 2 2 0
0.715107 -54.9623 -54.9623 2 2 0
0.713398 -55.0161 -55.0161 2 2 0
0.711643 -55.0693 -55.0693 2 2 0
0.709841 -55.122 -55.122 2 2 0
0.707994 -55.1741 -55.1741 2 2 0
0.706102 -55.2256 -55.2256 2 2 0
0.704168 -55.2766 -55.2766 2 2 0
0.702191 -55.327 -55.327 2 2 0
0.700174 -55.3768 -55.3768 2 2 0
0.698116 -55.4262 -55.4262 2 2 0
0.696018 -55.4749 -55.4749 2 2 0
0.693883 -55.5232 -55.5232 2 2 0
0.69171 -55.5708 -55.5708 2 2 0
0.689501 -55.618 -55.618 2 2 0
0.687257 -55.6647 -55.6647 2 2 0
0.684979 -55.7108 -55.7108 2 2 0
0.682667 -55.7564 -55.7564 2 2 0
0.680323 -55.8015 -55.8015 2 2 0
0.677947 -55.8461 -55.8461 2 2 0
0.675541 -55.8902 -55.8902 2 2 0
0.673105 -55.9339 -55.9339 2 2 0
0.67064 -55.977 -55.977 2 2 0
0.668146 -56.0197 -56.0197 2 2 0
0.665626 -56.0619 -56.0619 2 2 0
0.663078 -56.1036 -56.1036 2 2 0
0.660505 -56.1449 -56.1449 2 2 0
0.657907 -56.1857 -56.1857 2 2 0
0.655285 -56.2261 -56.2261 2 2 0
0.652638 -56.266 -56.266 2 2 0
0.649968 -56.3056 -56.3056 2 2 0
0.647276 -56.3447 -56.3447 2 2 0
0.644562 -56.3834 -56.3834 2 2 0
0.641826 -56.4217 -56.4217 2 2 0
0.639069 -56.4596 -56.4596 2 2 0
0.636291 -56.4971 -56.4971 2 2 0
0.633493 -56.5342 -56.5342 2 2 0
0.630675 -56.571 -56.571 2 2 0
0.627838 -56.6074 -56.6074 2 2 0
0.624981 -56.6434 -56.6434 2 2 0
0.622105 -56.6791 -56.6791 2 2 0
0.61921 -56.7145 -56.7145 2 2 0
0.616296 -56.7496 -56.7496 2 2 0
0.613364 -56.7843 -56.7843 2 2 0
0.610413 -56.8187 -56.8187 2 2 0
0.607443 -56.8528 -56.8528 2 2 0
0.604454 -56.8866 -56.8866 2 2 0
0.601446 -56.9201 -56.9201 2 2 0
0.598419 -56.9534 -56.9534 2 2 0
0.595373 -56.9864 -56.9864 2 2 0
0.592308 -57.0192 -57.0192 2 2 0
0.589222 -57.0517 -57.0517 2 2 0
0.586117 -57.0839 -57.0839 2 2 0
0.58299 -57.116 -57.116 2 2 0
0.579842 -57.1478 -57.1478 2 2 0
0.576673 -57.1795 -57.1795 2 2 0
0.573481 -57.2109 -57.2109 2 2 0
0.570266 -57.2422 -57.2422 2 2 0
0.567028 -57.2733 -57.2733 2 2 0
0.563764 -57.3042 -57.3042 2 2 0
0.560475 -57.335 -57.335 2 2 0
0.55716 -57.3657 -57.3657 2 2 0
0.553818 -57.3962 -57.3962 2 2 0
0.550447 -57.4266 -57.4266 2 2 0
0.547047 -57.4569 -57.4569 2 2 0
0.543615 -57.4871 -57.4871 2 2 0
0.540152 -57.5172 -57.5172 2 2 0
0.536656 -57.5473 -57.5473 2 2 0
0.533125 -57.5773 -57.5773 2 2 0
0.529558 -57.6072 -57.6072 2 2 0
0.525953 -57.6371 -57.6371 2 2 0
0.522309 -57.667 -57.667 2 2 0
0.518624 -57.6969 -57.6969 2 2 0
0.514896 -57.7267 -57.7267 2 2 0
0.511124 -57.7566 -57.7566 2 2 0
0.507306 -57.7865 -57.7865 2 2 0
0.503439 -57.8164 -57.8164 2 2 0
0.499523 -57.8464 -57.8464 2 2 0
0.495553 -57.8765 -57.8765 2 2 0
0.49153 -57.9066 -57.9066 2 2 0
0.48745 -57.9367 -57.9367 2 2 0
0.48331 -57.967 -57.967 2 2 0
0.47911 -57.9974 -57.9974 2 2 0
0.474845 -58.0279 -58.0279 2 2 0
0.470515 -58.0585 -58.0585 2 2 0
0.466115 -58.0892 -58.0892 2 2 0
0.461644 -58.1201 -58.1201 2 2 0
0.457099 -58.1512 -58.1512 2 2 0
0.452477 -58.1824 -58.1824 2 2 0
0.447775 -58.2138 -58.2138 2 2 0
0.442991 -58.2454 -58.2454 2 2 0
0.438121 -58.2772 -58.2772 2 2 0
0.433163 -58.3092 -58.3092 2 2 0
0.428113 -58.3414 -58.3414 2 2 0
0.422968 -58.3738 -58.3738 2 2 0
0.417726 -58.4065 -58.4065 2 2 0
0.412383 -58.4394 -58.4394 2 2 0
0.406935 -58.4725 -58.4725 2 2 0
0.40138 -58.5059 -58.5059 2 2 0
0.395715 -58.5396 -58.5396 2 2 0
0.389935 -58.5736 -58.5736 2 2 0
0.384037 -58.6078 -58.6078 2 2 0
0.378019 -58.6423 -58.6423 2 2 0
0.371876 -58.6771 -58.6771 2 2 0
0.365605 -58.7123 -58.7123 2 2 0
0.359203 -58.7477 -58.7477 2 2 0
0.352666 -58.7834 -58.7834 2 2 0
0.34599 -58.8194 -58.8194 2 2 0
0.339173 -58.8558 -58.8558 2 2 0
0.33221 -58.8924 -58.8924 2 2 0
0.325098 -58.9294 -58.9294 2 2 0
0.317834 -58.9667 -58.9667 2 2 0
0.310413 -59.0043 -59.0043 2 2 0
0.302833 -59.0423 -59.0423 2 2 0
0.29509 -59.0805 -59.0805 2 2 0
0.28718 -59.1191 -59.1191 2 2 0
0.2791 -59.1581 -59.1581 2 2 0
0.270847 -59.1973 -59.1973 2 2 0
0.262417 -59.2369 -59.2369 2 2 0
0.253806 -59.2768 -59.2768 2 2 0
0.245012 -59.317 -59.317 2 2 0
0.23603 -59.3575 -59.3575 2 2 0
0.226859 -59.3983 -59.3983 2 2 0
0.217494 -59.4395 -59.4395 2 2 0
0.207932 -59.4809 -59.4809 2 2 0
0.198171 -59.5227 -59.5227 2 2 0
0.188207 -59.5647 -59.5647 2 2 0
0.178037 -59.6071 -59.6071 2 2 0
0.167659 -59.6497 -59.6497 2 2 0
0.157069 -59.6926 -59.6926 2 2 0
0.146265 -59.7358 -59.7358 2 2 0
0.135244 -59.7793 -59.7793 2 2 0
0.124004 -59.823 -59.823 2 2 0
0.112541 -59.8669 -59.8669 2 2 0
0.100855 -59.9111 -59.9111 2 2 0
0.0889412 -59.9556 -59.9556 2 2 0
0.0767989 -60.0002 -60.0002 2 2 0
0.0644257 -60.0451 -60.0451 2 2 0
0.0518195 -60.0902 -60.0902 2 2 0
0.0389785 -60.1356 -60.1356 2 2 0
0.0259009 -60.1811 -60.1811 2 2 0
0.0125851 -60.2267 -60.2267 2 2 0
-0.000970314 -60.2726 -60.2726 2 2 0
-0.0147668 -60.3186 -60.3186 2 2 0
-0.0288055 -60.3648 -60.3648 2 2 0
-0.0430876 -60.4112 -60.4112 2 2 0
-0.0576139 -60.4576 -60.4576 2 2 0
-0.0723852 -60.5042 -60.5042 2 2 0
-0.087402 -60.5509 -60.5509 2 2 0
-0.102665 -60.5977 -60.5977 2 2 0
-0.118174 -60.6446 -60.6446 2 2 0
-0.13393 -60.6916 -60.6916 2 2 0
-0.149931 -60.7387 -60.7387 2 2 0
-0.166179 -60.7858 -60.7858 2 2 0
-0.182672 -60.833 -60.833 2 2 0
-0.19941 -60.8802 -60.8802 2 2 0
-0.216392 -60.9274 -60.9274 2 2 0
-0.233616 -60.9747 -60.9747 2 2 0
-0.251081 -61.022 -61.022 2 2 0
-0.268787 -61.0692 -61.0692 2 2 0
-0.28673 -61.1164 -61.1164 2 2 0
-0.304908 -61.1636 -61.1636 2 2 0
-0.323321 -61.2108 -61.2108 2 2 0
-0.341964 -61.2579 -61.2579 2 2 0
-0.360834 -61.3049 -61.3049 2 2 0
-0.37993 -61.3519 -61.3519 2 2 0
-0.399246 -61.3988 -61.3988 2 2 0
-0.41878 -61.4455 -61.4455 2 2 0
-0.438528 -61.4922 -61.4922 2 2 0
-0.458484 -61.5387 -61.5387 2 2 0
-0.478645 -61.5851 -61.5851 2 2 0
-0.499004 -61.6313 -61.6313 2 2 0
-0.519558 -61.6774 -61.6774 2 2 0
-0.540299 -61.7233 -61.7233 2 2 0
-0.561222 -61.769 -61.769 2 2 0
-0.58232 -61.8145 -61.8145 2 2 0
-0.603586 -61.8597 -61.8597 2 2 0
-0.625013 -61.9048 -61.9048 2 2 0
-0.646593 -61.9496 -61.9496 2 2 0
-0.668318 -61.9941 -61.9941 2 2 0
-0.690179 -62.0384 -62.0384 2 2 0
-0.712168 -62.0824 -62.0824 2 2 0
-0.734273 -62.1261 -62.1261 2 2 0
-0.756486 -62.1694 -62.1694 2 2 0
-0.778796 -62.2125 -62.2125 2 2 0
-0.801191 -62.2552 -62.2552 2 2 0
-0.823661 -62.2975 -62.2975 2 2 0
-0.846192 -62.3395 -62.3395 2 2 0
-0.868772 -62.381 -62.381 2 2 0
-0.891387 -62.4222 -62.4222 2 2 0
-0.914025 -62.4629 -62.4629 2 2 0
-0.936669 -62.5032 -62.5032 2 2 0
-0.959306 -62.5431 -62.5431 2 2 0
-0.981918 -62.5825 -62.5825 2 2 0
-1.00449 -62.6214 -62.6214 2 2 0
-1.027 -62.6597 -62.6597 2 2 0
-1.04944 -62.6976 -62.6976 2 2 0
-1.07179 -62.7349 -62.7349 2 2 0
-1.09402 -62.7717 -62.7717 2 2 0
-1.11611 -62.8078 -62.8078 2 2 0
-1.13806 -62.8434 -62.8434 2 2 0
-1.15982 -62.8783 -62.8783 2 2 0
-1.18139 -62.9126 -62.9126 2 2 0
-1.20273 -62.9462 -62.9462 2 2 0
-1.22383 -62.9791 -62.9791 2 2 0
-1.24465 -63.0113 -63.0113 2 2 0
-1.26518 -63.0428 -63.0428 2 2 0
-1.28538 -63.0735 -63.0735 2 2 0
-1.30523 -63.1034 -63.1034 2 2 0
-1.3247 -63.1325 -63.1325 2 2 0
-1.34377 -63.1608 -63.1608 2 2 0
-1.36239 -63.1882 -63.1882 2 2 0
-1.38055 -63.2147 -63.2147 2 2 0
-1.3982 -63.2403 -63.2403 2 2 0
-1.41532 -63.2649 -63.2649 2 2 0
-1.43188 -63.2885 -63.2885 2 2 0
-1.44783 -63.3111 -63.3111 2 2 0
-1.46316 -63.3327 -63.3327 2 2 0
-1.47781 -63.3532 -63.3532 2 2 0
-1.49177 -63.3726 -63.3726 2 2 0
-1.50499 -63.3908 -63.3908 2 2 0
-1.51744 -63.4079 -63.4079 2 2 0
-1.52908 -63.4237 -63.4237 2 2 0
-1.53989 -63.4384 -63.4384 2 2 0
-1.54982 -63.4517 -63.4517 2 2 0
-1.55884 -63.4638 -63.4638 2 2 0
-1.56693 -63.4745 -63.4745 2 2 0
-1.57405 -63.4838 -63.4838 2 2 0
-1.58017 -63.4917 -63.4917 2 2 0
-1.58525 -63.4982 -63.4982 2 2 0
-1.58929 -63.5033 -63.5033 2 2 0
-1.59224 -63.5068 -63.5068 2 2 0
-1.59409 -63.5088 -63.5088 2 2 0
-1.59482 -63.5093 -63.5093 2 2 0
-1.59483 -63.5093 -63.5093 2 2 0
-1.59426 -63.508 -63.508 2 2 0
-1.59253 -63.5051 -63.5051 2 2 0
-1.58963 -63.5006 -63.5006 2 2 0
-1.58555 -63.4945 -63.4945 2 2 0
-1.5803 -63.4868 -63.4868 2 2 0
-1.57386 -63.4774 -63.4774 2 2 0
-1.56624 -63.4664 -63.4664 2 2 0
-1.55744 -63.4537 -63.4537 2 2 0
-1.54748 -63.4393 -63.4393 2 2 0
-1.53636 -63.4233 -63.4233 2 2 0
-1.5241 -63.4056 -63.4056 2 2 0
-1.51073 -63.3863 -63.3863 2 2 0
-1.49625 -63.3653 -63.3653 2 2 0
-1.4807 -63.3427 -63.3427 2 2 0
-1.4641 -63.3184 -63.3184 2 2 0
-1.44648 -63.2925 -63.2925 2 2 0
-1.42787 -63.265 -63.265 2 2 0
-1.40831 -63.2359 -63.2359 2 2 0
-1.38782 -63.2052 -63.2052 2 2 0
-1.36646 -63.173 -63.173 2 2 0
-1.34424 -63.1392 -63.1392 2 2 0
-1.32122 -63.1039 -63.1039 2 2 0
-1.29743 -63.0671 -63.0671 2 2 0
-1.27291 -63.0288 -63.0288 2 2 0
-1.24771 -62.9891 -62.9891 2 2 0
-1.22185 -62.948 -62.948 2 2 0
-1.19538 -62.9054 -62.9054 2 2 0
-1.16835 -62.8614 -62.8614 2 2 0
-1.14079 -62.8161 -62.8161 2 2 0
-1.11273 -62.7694 -62.7694 2 2 0
-1.08423 -62.7214 -62.7214 2 2 0
-1.05532 -62.6721 -62.6721 2 2 0
-1.02603 -62.6215 -62.6215 2 2 0
-0.99641 -62.5696 -62.5696 2 2 0
-0.966488 -62.5165 -62.5165 2 2 0
-0.936302 -62.4621 -62.4621 2 2 0
-0.905886 -62.4066 -62.4066 2 2 0
-0.875276 -62.3498 -62.3498 2 2 0
-0.844501 -62.2919 -62.2919 2 2 0
-0.813596 -62.2328 -62.2328 2 2 0
-0.782594 -62.1726 -62.1726 2 2 0
-0.751526 -62.1112 -62.1112 2 2 0
-0.72042 -62.0488 -62.0488 2 2 0
-0.689305 -61.9853 -61.9853 2 2 0
-0.658211 -61.9206 -61.9206 2 2 0
-0.627164 -61.855 -61.855 2 2 0
-0.59619 -61.7883 -61.7883 2 2 0
-0.565314 -61.7206 -61.7206 2 2 0
-0.534562 -61.6519 -61.6519 2 2 0
-0.503957 -61.5822 -61.5822 2 2 0
-0.473524 -61.5115 -61.5115 2 2 0
-0.443282 -61.4398 -61.4398 2 2 0
-0.413254 -61.3673 -61.3673 2 2 0
-0.383458 -61.2938 -61.2938 2 2 0
-0.353914 -61.2194 -61.2194 2 2 0
-0.324642 -61.1441 -61.1441 2 2 0
-0.295657 -61.0679 -61.0679 2 2 0
-0.266979 -60.9908 -60.9908 2 2 0
-0.238621 -60.913 -60.913 2 2 0
-0.210601 -60.8343 -60.8343 2 2 0
-0.182932 -60.7547 -60.7547 2 2 0
-0.155627 -60.6744 -60.6744 2 2 0
-0.1287 -60.5933 -60.5933 2 2 0
-0.102163 -60.5115 -60.5115 2 2 0
-0.076026 -60.4289 -60.4289 2 2 0
-0.0503002 -60.3456 -60.3456 2 2 0
-0.0249951 -60.2616 -60.2616 2 2 0
-0.000119351 -60.1769 -60.1769 2 2 0
0.024319 -60.0915 -60.0915 2 2 0
0.0483128 -60.0055 -60.0055 2 2 0
0.0718555 -59.9188 -59.9188 2 2 0
0.0949413 -59.8315 -59.8315 2 2 0
0.117565 -59.7437 -59.7437 2 2 0
0.139724 -59.6552 -59.6552 2 2 0
0.161412 -59.5662 -59.5662 2 2 0
0.182628 -59.4767 -59.4767 2 2 0
0.203369 -59.3866 -59.3866 2 2 0
0.223635 -59.296 -59.296 2 2 0
0.243423 -59.2049 -59.2049 2 2 0
0.262733 -59.1134 -59.1134 2 2 0
0.281567 -59.0214 -59.0214 2 2 0
0.299924 -58.929 -58.929 2 2 0
0.317807 -58.8361 -58.8361 2 2 0
0.335216 -58.7429 -58.7429 2 2 0
0.352155 -58.6492 -58.6492 2 2 0
0.368626 -58.5552 -58.5552 2 2 0
0.384633 -58.4609 -58.4609 2 2 0
0.40018 -58.3662 -58.3662 2 2 0
0.41527 -58.2712 -58.2712 2 2 0
0.429908 -58.1758 -58.1758 2 2 0
0.444099 -58.0802 -58.0802 2 2 0
0.457848 -57.9843 -57.9843 2 2 0
0.471161 -57.8881 -57.8881 2 2 0
0.484043 -57.7917 -57.7917 2 2 0
0.4965 -57.6951 -57.6951 2 2 0
0.508539 -57.5982 -57.5982 2 2 0
0.520165 -57.5011 -57.5011 2 2 0
0.531386 -57.4038 -57.4038 2 2 0
0.542207 -57.3063 -57.3063 2 2 0
0.552637 -57.2086 -57.2086 2 2 0
0.562682 -57.1107 -57.1107 2 2 0
0.572348 -57.0127 -57.0127 2 2 0
0.581644 -56.9146 -56.9146 2 2 0
0.590575 -56.8163 -56.8163 2 2 0
0.599151 -56.7178 -56.7178 2 2 0
0.607377 -56.6192 -56.6192 2 2 0
0.615261 -56.5206 -56.5206 2 2 0
0.62281 -56.4218 -56.4218 2 2 0
0.630032 -56.3229 -56.3229 2 2 0
0.636935 -56.2239 -56.2239 2 2 0
0.643524 -56.1248 -56.1248 2 2 0
0.649808 -56.0256 -56.0256 2 2 0
0.655793 -55.9264 -55.9264 2 2 0
0.661487 -55.8271 -55.8271 2 2 0
0.666897 -55.7277 -55.7277 2 2 0
0.67203 -55.6282 -55.6282 2 2 0
0.676892 -55.5287 -55.5287 2 2 0
0.681491 -55.4292 -55.4292 2 2 0
0.685833 -55.3296 -55.3296 2 2 0
0.689925 -55.2299 -55.2299 2 2 0
0.693773 -55.1302 -55.1302 2 2 0
0.697384 -55.0305 -55.0305 2 2 0
0.700765 -54.9307 -54.9307 2 2 0
0.703921 -54.8309 -54.8309 2 2 0
0.706859 -54.7311 -54.7311 2 2 0
0.709584 -54.6313 -54.6313 2 2 0
0.712103 -54.5314 -54.5314 2 2 0
0.714422 -54.4315 -54.4315 2 2 0
0.716545 -54.3316 -54.3316 2 2 0
0.71848 -54.2317 -54.2317 2 2 0
0.720231 -54.1318 -54.1318 2 2 0
0.721803 -54.0318 -54.0318 2 2 0
0.723203 -53.9319 -53.9319 2 2 0
0.724435 -53.8319 -53.8319 2 2 0
0.725503 -53.7319 -53.7319 2 2 0
0.726415 -53.6319 -53.6319 2 2 0
0.727173 -53.5319 -53.5319 2 2 0
0.727782 -53.4319 -53.4319 2 2 0
0.728249 -53.332 -53.332 2 2 0
0.728576 -53.232 -53.232 2 2 0
0.728768 -53.132 -53.132 2 2 0
0.72883 -53.0334 -53.0334 2 2 0
0.728767 -52.9334 -52.9334 2 2 0
0.728583 -52.8334 -52.8334 2 2 0
0.72828 -52.7334 -52.7334 2 2 0
0.727863 -52.6335 -52.6335 2 2 0
0.727335 -52.5335 -52.5335 2 2 0
0.726701 -52.4335 -52.4335 2 2 0
0.725964 -52.3335 -52.3335 2 2 0
0.725127 -52.2335 -52.2335 2 2 0
0.724194 -52.1335 -52.1335 2 2 0
0.723168 -52.0335 -52.0335 2 2 0
0.722053 -51.9336 -51.9336 2 2 0
0.720851 -51.8336 -51.8336 2 2 0
0.719566 -51.7336 -51.7336 2 2 0
0.7182 -51.6337 -51.6337 2 2 0
0.716757 -51.5337 -51.5337 2 2 0
0.71524 -51.4338 -51.4338 2 2 0
0.71365 -51.3338 -51.3338 2 2 0
0.711992 -51.2339 -51.2339 2 2 0
0.710267 -51.1339 -51.1339 2 2 0
0.708478 -51.034 -51.034 2 2 0
0.706627 -50.9341 -50.9341 2 2 0
0.704717 -50.8341 -50.8341 2 2 0
0.70275 -50.7342 -50.7342 2 2 0
0.700728 -50.6343 -50.6343 2 2 0
0.698653 -50.5344 -50.5344 2 2 0
0.696528 -50.4345 -50.4345 2 2 0
0.694354 -50.3346 -50.3346 2 2 0
0.692134 -50.2347 -50.2347 2 2 0
0.689869 -50.1348 -50.1348 2 2 0
0.68756 -50.0349 -50.0349 2 2 0
0.685211 -49.935 -49.935 2 2 0
0.682821 -49.8351 -49.8351 2 2 0
0.680394 -49.7353 -49.7353 2 2 0
0.67793 -49.6354 -49.6354 2 2 0
0.675432 -49.5355 -49.5355 2 2 0
0.672899 -49.4357 -49.4357 2 2 0
0.670334 -49.3358 -49.3358 2 2 0
0.667739 -49.2359 -49.2359 2 2 0
0.665113 -49.1361 -49.1361 2 2 0
0.662459 -49.0362 -49.0362 2 2 0
0.659777 -48.9364 -48.9364 2 2 0
0.657068 -48.8365 -48.8365 2 2 0
0.654334 -48.7367 -48.7367 2 2 0
0.651576 -48.6369 -48.6369 2 2 0
0.648793 -48.537 -48.537 2 2 0
0.645988 -48.4372 -48.4372 2 2 0
0.64316 -48.3374 -48.3374 2 2 0
0.64031 -48.2375 -48.2375 2 2 0
0.63744 -48.1377 -48.1377 2 2 0
0.634549 -48.0379 -48.0379 2 2 0
0.631638 -47.9381 -47.9381 2 2 0
0.628708 -47.8382 -47.8382 2 2 0
0.625758 -47.7384 -47.7384 2 2 0
0.62279 -47.6386 -47.6386 2 2 0
0.619803 -47.5388 -47.5388 2 2 0
0.616797 -47.439 -47.439 2 2 0
0.613773 -47.3392 -47.3392 2 2 0
0.610731 -47.2394 -47.2394 2 2 0
0.607671 -47.1396 -47.1396 2 2 0
0.604592 -47.0398 -47.0398 2 2 0
0.601495 -46.94 -46.94 2 2 0
0.59838 -46.8402 -46.8402 2 2 0
0.595245 -46.7404 -46.7404 2 2 0
0.592091 -46.6406 -46.6406 2 2 0
0.588918 -46.5408 -46.5408 2 2 0
0.585725 -46.441 -46.441 2 2 0
0.582511 -46.3412 -46.3412 2 2 0
0.579276 -46.2415 -46.2415 2 2 0
0.57602 -46.1417 -46.1417 2 2 0
0.57274 -46.0419 -46.0419 2 2 0
0.569438 -45.9421 -45.9421 2 2 0
0.566111 -45.8424 -45.8424 2 2 0
0.562759 -45.7426 -45.7426 2 2 0
0.559381 -45.6428 -45.6428 2 2 0
0.555976 -45.5431 -45.5431 2 2 0
0.552542 -45.4433 -45.4433 2 2 0
0.549079 -45.3436 -45.3436 2 2 0
0.545585 -45.2439 -45.2439 2 2 0
0.542058 -45.1441 -45.1441 2 2 0
0.538498 -45.0444 -45.0444 2 2 0
0.534902 -44.9447 -44.9447 2 2 0
0.531269 -44.8449 -44.8449 2 2 0
0.527598 -44.7452 -44.7452 2 2 0
0.523885 -44.6455 -44.6455 2 2 0
0.52013 -44.5458 -44.5458 2 2 0
0.516331 -44.4461 -44.4461 2 2 0
0.512485 -44.3464 -44.3464 2 2 0
0.50859 -44.2468 -44.2468 2 2 0
0.504645 -44.1471 -44.1471 2 2 0
0.500646 -44.0474 -44.0474 2 2 0
0.496591 -43.9478 -43.9478 2 2 0
0.492478 -43.8481 -43.8481 2 2 0
0.488303 -43.7485 -43.7485 2 2 0
0.740366 -53.176 -53.176 2 2 0
0.740366 -53.1619 -53.1619 2 2 0
0.74036 -53.1477 -53.1477 2 2 0
0.740345 -53.1193 -53.1193 2 2 0
0.740283 -53.0622 -53.0622 2 2 0
0.740147 -52.9903 -52.9903 2 2 0
0.739946 -52.9179 -52.9179 2 2 0
0.739681 -52.845 -52.845 2 2 0
0.739351 -52.7715 -52.7715 2 2 0
0.738958 -52.6975 -52.6975 2 2 0
0.7385 -52.623 -52.623 2 2 0
0.737979 -52.548 -52.548 2 2 0
0.737396 -52.4725 -52.4725 2 2 0
0.736749 -52.3964 -52.3964 2 2 0
0.73604 -52.3199 -52.3199 2 2 0
0.73527 -52.2429 -52.2429 2 2 0
0.734438 -52.1654 -52.1654 2 2 0
0.733546 -52.0874 -52.0874 2 2 0
0.732594 -52.009 -52.009 2 2 0
0.731583 -51.93 -51.93 2 2 0
0.730513 -51.8507 -51.8507 2 2 0
0.729385 -51.7709 -51.7709 2 2 0
0.728201 -51.6906 -51.6906 2 2 0
0.72696 -51.6099 -51.6099 2 2 0
0.725663 -51.5288 -51.5288 2 2 0
0.724312 -51.4473 -51.4473 2 2 0
0.722907 -51.3653 -51.3653 2 2 0
0.721449 -51.2829 -51.2829 2 2 0
0.719939 -51.2002 -51.2002 2 2 0
0.718378 -51.117 -51.117 2 2 0
0.716767 -51.0335 -51.0335 2 2 0
0.715107 -50.9496 -50.9496 2 2 0
0.713398 -50.8653 -50.8653 2 2 0
0.711643 -50.7807 -50.7807 2 2 0
0.709841 -50.6957 -50.6957 2 2 0
0.707994 -50.6103 -50.6103 2 2 0
0.706102 -50.5246 -50.5246 2 2 0
0.704168 -50.4386 -50.4386 2 2 0
0.702191 -50.3523 -50.3523 2 2 0
0.700174 -50.2656 -50.2656 2 2 0
0.698116 -50.1786 -50.1786 2 2 0
0.696018 -50.0914 -50.0914 2 2 0
0.693883 -50.0038 -50.0038 2 2 0
0.69171 -49.9159 -49.9159 2 2 0
0.689501 -49.8278 -49.8278 2 2 0
0.687257 -49.7393 -49.7393 2 2 0
0.684979 -49.6506 -49.6506 2 2 0
0.682667 -49.5617 -49.5617 2 2 0
0.680323 -49.4725 -49.4725 2 2 0
0.677947 -49.383 -49.383 2 2 0
0.675541 -49.2933 -49.2933 2 2 0
0.673105 -49.2033 -49.2033 2 2 0
0.67064 -49.1131 -49.1131 2 2 0
0.668146 -49.0227 -49.0227 2 2 0
0.665626 -48.9321 -48.9321 2 2 0
0.663078 -48.8413 -48.8413 2 2 0
0.660505 -48.7502 -48.7502 2 2 0
0.657907 -48.659 -48.659 2 2 0
0.655285 -48.5675 -48.5675 2 2 0
0.652638 -48.4759 -48.4759 2 2 0
0.649968 -48.3841 -48.3841 2 2 0
0.647276 -48.2921 -48.2921 2 2 0
0.644562 -48.1999 -48.1999 2 2 0
0.641826 -48.1076 -48.1076 2 2 0
0.639069 -48.0151 -48.0151 2 2 0
0.636291 -47.9224 -47.9224 2 2 0
0.633493 -47.8296 -47.8296 2 2 0
0.630675 -47.7366 -47.7366 2 2 0
0.627838 -47.6436 -47.6436 2 2 0
0.624981 -47.5503 -47.5503 2 2 0
0.622105 -47.457 -47.457 2 2 0
0.61921 -47.3635 -47.3635 2 2 0
0.616296 -47.2698 -47.2698 2 2 0
0.613364 -47.1761 -47.1761 2 2 0
0.610413 -47.0823 -47.0823 2 2 0
0.607443 -46.9883 -46.9883 2 2 0
0.604454 -46.8942 -46.8942 2 2 0
0.601446 -46.8001 -46.8001 2 2 0
0.598419 -46.7058 -46.7058 2 2 0
0.595373 -46.6115 -46.6115 2 2 0
0.592308 -46.517 -46.517 2 2 0
0.589222 -46.4225 -46.4225 2 2 0
0.586117 -46.3279 -46.3279 2 2 0
0.58299 -46.2333 -46.2333 2 2 0
0.579842 -46.1385 -46.1385 2 2 0
0.576673 -46.0437 -46.0437 2 2 0
0.573481 -45.9488 -45.9488 2 2 0
0.570266 -45.8539 -45.8539 2 2 0
0.567028 -45.7589 -45.7589 2 2 0
0.563764 -45.6639 -45.6639 2 2 0
0.560475 -45.5688 -45.5688 2 2 0
0.55716 -45.4737 -45.4737 2 2 0
0.553818 -45.3785 -45.3785 2 2 0
0.550447 -45.2833 -45.2833 2 2 0
0.547047 -45.188 -45.188 2 2 0
0.543615 -45.0928 -45.0928 2 2 0
0.540152 -44.9975 -44.9975 2 2 0
0.536656 -44.9022 -44.9022 2 2 0
0.533125 -44.8068 -44.8068 2 2 0
0.529558 -44.7115 -44.7115 2 2 0
0.525953 -44.6162 -44.6162 2 2 0
0.522309 -44.5208 -44.5208 2 2 0
0.518624 -44.4254 -44.4254 2 2 0
0.514896 -44.3301 -44.3301 2 2 0
0.511124 -44.2347 -44.2347 2 2 0
0.507306 -44.1394 -44.1394 2 2 0
0.503439 -44.044 -44.044 2 2 0
0.499523 -43.9487 -43.9487 2 2 0
0.495553 -43.8534 -43.8534 2 2 0
0.49153 -43.7581 -43.7581 2 2 0
0.48745 -43.6629 -43.6629 2 2 0
0.48331 -43.5677 -43.5677 2 2 0
0.47911 -43.4725 -43.4725 2 2 0
0.474845 -43.3774 -43.3774 2 2 0
0.470515 -43.2823 -43.2823 2 2 0
0.466115 -43.1872 -43.1872 2 2 0
0.461644 -43.0922 -43.0922 2 2 0
0.457099 -42.9973 -42.9973 2 2 0
0.452477 -42.9024 -42.9024 2 2 0
0.447775 -42.8075 -42.8075 2 2 0
0.442991 -42.7128 -42.7128 2 2 0
0.438121 -42.6181 -42.6181 2 2 0
0.433163 -42.5235 -42.5235 2 2 0
0.428113 -42.4289 -42.4289 2 2 0
0.422968 -42.3345 -42.3345 2 2 0
0.417726 -42.2401 -42.2401 2 2 0
0.412383 -42.1459 -42.1459 2 2 0
0.406935 -42.0517 -42.0517 2 2 0
0.40138 -41.9576 -41.9576 2 2 0
0.395715 -41.8636 -41.8636 2 2 0
0.389935 -41.7697 -41.7697 2 2 0
0.384037 -41.676 -41.676 2 2 0
0.378019 -41.5823 -41.5823 2 2 0
0.371876 -41.4888 -41.4888 2 2 0
0.365605 -41.3953 -41.3953 2 2 0
0.359203 -41.302 -41.302 2 2 0
0.352666 -41.2089 -41.2089 2 2 0
0.34599 -41.1158 -41.1158 2 2 0
0.339173 -41.0229 -41.0229 2 2 0
0.33221 -40.9302 -40.9302 2 2 0
0.325098 -40.8375 -40.8375 2 2 0
0.317834 -40.745 -40.745 2 2 0
0.310413 -40.6527 -40.6527 2 2 0
0.302833 -40.5605 -40.5605 2 2 0
0.29509 -40.4684 -40.4684 2 2 0
0.28718 -40.3765 -40.3765 2 2 0
0.2791 -40.2848 -40.2848 2 2 0
0.270847 -40.1932 -40.1932 2 2 0
0.262417 -40.1017 -40.1017 2 2 0
0.253806 -40.0105 -40.0105 2 2 0
0.245012 -39.9193 -39.9193 2 2 0
0.23603 -39.8284 -39.8284 2 2 0
0.226859 -39.7375 -39.7375 2 2 0
0.217494 -39.6469 -39.6469 2 2 0
0.207932 -39.5564 -39.5564 2 2 0
0.198171 -39.4661 -39.4661 2 2 0
0.188207 -39.3759 -39.3759 2 2 0
0.178037 -39.2859 -39.2859 2 2 0
0.167659 -39.1961 -39.1961 2 2 0
0.157069 -39.1064 -39.1064 2 2 0
0.146265 -39.0168 -39.0168 2 2 0
0.135244 -38.9275 -38.9275 2 2 0
0.124004 -38.8382 -38.8382 2 2 0
0.112541 -38.7492 -38.7492 2 2 0
0.100855 -38.6602 -38.6602 2 2 0
0.0889412 -38.5715 -38.5715 2 2 0
0.0767989 -38.4829 -38.4829 2 2 0
0.0644257 -38.3944 -38.3944 2 2 0
0.0518195 -38.306 -38.306 2 2 0
0.0389785 -38.2178 -38.2178 2 2 0
0.0259009 -38.1298 -38.1298 2 2 0
0.0125851 -38.0418 -38.0418 2 2 0
-0.000970314 -37.954 -37.954 2 2 0
-0.0147668 -37.8664 -37.8664 2 2 0
-0.0288055 -37.7788 -37.7788 2 2 0
-0.0430876 -37.6914 -37.6914 2 2 0
-0.0576139 -37.604 -37.604 2 2 0
-0.0723852 -37.5168 -37.5168 2 2 0
-0.087402 -37.4297 -37.4297 2 2 0
-0.102665 -37.3427 -37.3427 2 2 0
-0.118174 -37.2558 -37.2558 2 2 0
-0.13393 -37.169 -37.169 2 2 0
-0.149931 -37.0822 -37.0822 2 2 0
-0.166179 -36.9956 -36.9956 2 2 0
-0.182672 -36.909 -36.909 2 2 0
-0.19941 -36.8225 -36.8225 2 2 0
-0.216392 -36.736 -36.736 2 2 0
-0.233616 -36.6496 -36.6496 2 2 0
-0.251081 -36.5633 -36.5633 2 2 0
-0.268787 -36.477 -36.477 2 2 0
-0.28673 -36.3907 -36.3907 2 2 0
-0.304908 -36.3045 -36.3045 2 2 0
-0.323321 -36.2183 -36.2183 2 2 0
-0.341964 -36.1321 -36.1321 2 2 0
-0.360834 -36.0459 -36.0459 2 2 0
-0.37993 -35.9598 -35.9598 2 2 0
-0.399246 -35.8736 -35.8736 2 2 0
-0.41878 -35.7875 -35.7875 2 2 0
-0.438528 -35.7013 -35.7013 2 2 0
-0.458484 -35.6151 -35.6151 2 2 0
-0.478645 -35.5289 -35.5289 2 2 0
-0.499004 -35.4426 -35.4426 2 2 0
-0.519558 -35.3563 -35.3563 2 2 0
-0.540299 -35.27 -35.27 2 2 0
-0.561222 -35.1836 -35.1836 2 2 0
-0.58232 -35.0971 -35.0971 2 2 0
-0.603586 -35.0106 -35.0106 2 2 0
-0.625013 -34.924 -34.924 2 2 0
-0.646593 -34.8373 -34.8373 2 2 0
-0.668318 -34.7505 -34.7505 2 2 0
-0.690179 -34.6636 -34.6636 2 2 0
-0.712168 -34.5766 -34.5766 2 2 0
-0.734273 -34.4895 -34.4895 2 2 0
-0.756486 -34.4022 -34.4022 2 2 0
-0.778796 -34.3148 -34.3148 2 2 0
-0.801191 -34.2273 -34.2273 2 2 0
-0.823661 -34.1396 -34.1396 2 2 0
-0.846192 -34.0517 -34.0517 2 2 0
-0.868772 -33.9637 -33.9637 2 2 0
-0.891387 -33.8755 -33.8755 2 2 0
-0.914025 -33.7871 -33.7871 2 2 0
-0.936669 -33.6986 -33.6986 2 2 0
-0.959306 -33.6098 -33.6098 2 2 0
-0.981918 -33.5208 -33.5208 2 2 0
-1.00449 -33.4315 -33.4315 2 2 0
-1.027 -33.3421 -33.3421 2 2 0
-1.04944 -33.2524 -33.2524 2 2 0
-1.07179 -33.1624 -33.1624 2 2 0
-1.09402 -33.0722 -33.0722 2 2 0
-1.11611 -32.9818 -32.9818 2 2 0
-1.13806 -32.891 -32.891 2 2 0
-1.15982 -32.8 -32.8 2 2 0
-1.18139 -32.7087 -32.7087 2 2 0
-1.20273 -32.6171 -32.6171 2 2 0
-1.22383 -32.5251 -32.5251 2 2 0
-1.24465 -32.4329 -32.4329 2 2 0
-1.26518 -32.3404 -32.3404 2 2 0
-1.28538 -32.2475 -32.2475 2 2 0
-1.30523 -32.1543 -32.1543 2 2 0
-1.3247 -32.0608 -32.0608 2 2 0
-1.34377 -31.9669 -31.9669 2 2 0
-1.36239 -31.8727 -31.8727 2 2 0
-1.38055 -31.7781 -31.7781 2 2 0
-1.3982 -31.6832 -31.6832 2 2 0
-1.41532 -31.588 -31.588 2 2 0
-1.43188 -31.4924 -31.4924 2 2 0
-1.44783 -31.3965 -31.3965 2 2 0
-1.46316 -31.3002 -31.3002 2 2 0
-1.47781 -31.2036 -31.2036 2 2 0
-1.49177 -31.1066 -31.1066 2 2 0
-1.50499 -31.0094 -31.0094 2 2 0
-1.51744 -30.9118 -30.9118 2 2 0
-1.52908 -30.8139 -30.8139 2 2 0
-1.53989 -30.7158 -30.7158 2 2 0
-1.54982 -30.6173 -30.6173 2 2 0
-1.55884 -30.5186 -30.5186 2 2 0
-1.56693 -30.4197 -30.4197 2 2 0
-1.57405 -30.3206 -30.3206 2 2 0
-1.58017 -30.2213 -30.2213 2 2 0
-1.58525 -30.1218 -30.1218 2 2 0
-1.58929 -30.0222 -30.0222 2 2 0
-1.59224 -29.9225 -29.9225 2 2 0
-1.59409 -29.8227 -29.8227 2 2 0
-1.59482 -29.7229 -29.7229 2 2 0
-1.59483 -29.709 -29.709 2 2 0
-1.59426 -29.6093 -29.6093 2 2 0
-1.59253 -29.5095 -29.5095 2 2 0
-1.58963 -29.4098 -29.4098 2 2 0
-1.58555 -29.3103 -29.3103 2 2 0
-1.5803 -29.2109 -29.2109 2 2 0
-1.57386 -29.1118 -29.1118 2 2 0
-1.56624 -29.0129 -29.0129 2 2 0
-1.55744 -28.9143 -28.9143 2 2 0
-1.54748 -28.816 -28.816 2 2 0
-1.53636 -28.7181 -28.7181 2 2 0
-1.5241 -28.6206 -28.6206 2 2 0
-1.51073 -28.5236 -28.5236 2 2 0
-1.49625 -28.4271 -28.4271 2 2 0
-1.4807 -28.3312 -28.3312 2 2 0
-1.4641 -28.2358 -28.2358 2 2 0
-1.44648 -28.141 -28.141 2 2 0
-1.42787 -28.0468 -28.0468 2 2 0
-1.40831 -27.9534 -27.9534 2 2 0
-1.38782 -27.8606 -27.8606 2 2 0
-1.36646 -27.7685 -27.7685 2 2 0
-1.34424 -27.6773 -27.6773 2 2 0
-1.32122 -27.5867 -27.5867 2 2 0
-1.29743 -27.497 -27.497 2 2 0
-1.27291 -27.4081 -27.4081 2 2 0
-1.24771 -27.32 -27.32 2 2 0
-1.22185 -27.2328 -27.2328 2 2 0
-1.19538 -27.1464 -27.1464 2 2 0
-1.16835 -27.0609 -27.0609 2 2 0
-1.14079 -26.9763 -26.9763 2 2 0
-1.11273 -26.8926 -26.8926 2 2 0
-1.08423 -26.8097 -26.8097 2 2 0
-1.05532 -26.7278 -26.7278 2 2 0
-1.02603 -26.6468 -26.6468 2 2 0
-0.99641 -26.5668 -26.5668 2 2 0
-0.966488 -26.4876 -26.4876 2 2 0
-0.936302 -26.4094 -26.4094 2 2 0
-0.905886 -26.3322 -26.3322 2 2 0
-0.875276 -26.2559 -26.2559 2 2 0
-0.844501 -26.1805 -26.1805 2 2 0
-0.813596 -26.1061 -26.1061 2 2 0
-0.782594 -26.0326 -26.0326 2 2 0
-0.751526 -25.9601 -25.9601 2 2 0
-0.72042 -25.8885 -25.8885 2 2 0
-0.689305 -25.8179 -25.8179 2 2 0
-0.658211 -25.7483 -25.7483 2 2 0
-0.627164 -25.6797 -25.6797 2 2 0
-0.59619 -25.612 -25.612 2 2 0
-0.565314 -25.5453 -25.5453 2 2 0
-0.534562 -25.4795 -25.4795 2 2 0
-0.503957 -25.4148 -25.4148 2 2 0
-0.473524 -25.351 -25.351 2 2 0
-0.443282 -25.2882 -25.2882 2 2 0
-0.413254 -25.2264 -25.2264 2 2 0
-0.383458 -25.1655 -25.1655 2 2 0
-0.353914 -25.1057 -25.1057 2 2 0
-0.324642 -25.0468 -25.0468 2 2 0
-0.295657 -24.989 -24.989 2 2 0
-0.266979 -24.9321 -24.9321 2 2 0
-0.238621 -24.8762 -24.8762 2 2 0
-0.210601 -24.8213 -24.8213 2 2 0
-0.182932 -24.7674 -24.7674 2 2 0
-0.155627 -24.7145 -24.7145 2 2 0
-0.1287 -24.6626 -24.6626 2 2 0
-0.102163 -24.6117 -24.6117 2 2 0
-0.076026 -24.5618 -24.5618 2 2 0
-0.0503002 -24.5129 -24.5129 2 2 0
-0.0249951 -24.465 -24.465 2 2 0
-0.000119352 -24.4181 -24.4181 2 2 0
0.024319 -24.3721 -24.3721 2 2 0
0.0483128 -24.3272 -24.3272 2 2 0
0.0718555 -24.2832 -24.2832 2 2 0
0.0949413 -24.2403 -24.2403 2 2 0
0.117565 -24.1983 -24.1983 2 2 0
0.139724 -24.1573 -24.1573 2 2 0
0.161412 -24.1172 -24.1172 2 2 0
0.182628 -24.0781 -24.0781 2 2 0
0.203369 -24.04 -24.04 2 2 0
0.223635 -24.0028 -24.0028 2 2 0
0.243423 -23.9666 -23.9666 2 2 0
0.262733 -23.9313 -23.9313 2 2 0
0.281567 -23.897 -23.897 2 2 0
0.299924 -23.8636 -23.8636 2 2 0
0.317807 -23.831 -23.831 2 2 0
0.335216 -23.7994 -23.7994 2 2 0
0.352155 -23.7687 -23.7687 2 2 0
0.368626 -23.7389 -23.7389 2 2 0
0.384633 -23.7099 -23.7099 2 2 0
0.40018 -23.6818 -23.6818 2 2 0
0.41527 -23.6546 -23.6546 2 2 0
0.429908 -23.6282 -23.6282 2 2 0
0.444099 -23.6026 -23.6026 2 2 0
0.457848 -23.5778 -23.5778 2 2 0
0.471161 -23.5539 -23.5539 2 2 0
0.484043 -23.5307 -23.5307 2 2 0
0.4965 -23.5083 -23.5083 2 2 0
0.508539 -23.4867 -23.4867 2 2 0
0.520165 -23.4659 -23.4659 2 2 0
0.531386 -23.4457 -23.4457 2 2 0
0.542207 -23.4263 -23.4263 2 2 0
0.552637 -23.4076 -23.4076 2 2 0
0.562682 -23.3897 -23.3897 2 2 0
0.572348 -23.3723 -23.3723 2 2 0
0.581644 -23.3557 -23.3557 2 2 0
0.590575 -23.3397 -23.3397 2 2 0
0.599151 -23.3244 -23.3244 2 2 0
0.607377 -23.3097 -23.3097 2 2 0
0.615261 -23.2956 -23.2956 2 2 0
0.62281 -23.2821 -23.2821 2 2 0
0.630032 -23.2692 -23.2692 2 2 0
0.636935 -23.2568 -23.2568 2 2 0
0.643524 -23.2451 -23.2451 2 2 0
0.649808 -23.2338 -23.2338 2 2 0
0.655793 -23.2232 -23.2232 2 2 0
0.661487 -23.213 -23.213 2 2 0
0.666897 -23.2033 -23.2033 2 2 0
0.67203 -23.1942 -23.1942 2 2 0
0.676892 -23.1855 -23.1855 2 2 0
0.681491 -23.1773 -23.1773 2 2 0
0.685833 -23.1695 -23.1695 2 2 0
0.689925 -23.1622 -23.1622 2 2 0
0.693773 -23.1554 -23.1554 2 2 0
0.697384 -23.1489 -23.1489 2 2 0
0.700765 -23.1429 -23.1429 2 2 0
0.703921 -23.1373 -23.1373 2 2 0
0.706859 -23.132 -23.132 2 2 0
0.709584 -23.1272 -23.1272 2 2 0
0.712103 -23.1227 -23.1227 2 2 0
0.714422 -23.1185 -23.1185 2 2 0
0.716545 -23.1148 -23.1148 2 2 0
0.71848 -23.1113 -23.1113 2 2 0
0.720231 -23.1082 -23.1082 2 2 0
0.721803 -23.1054 -23.1054 2 2 0
0.723203 -23.1029 -23.1029 2 2 0
0.724435 -23.1007 -23.1007 2 2 0
0.725503 -23.0988 -23.0988 2 2 0
0.726415 -23.0972 -23.0972 2 2 0
0.727173 -23.0958 -23.0958 2 2 0
0.727782 -23.0947 -23.0947 2 2 0
0.728249 -23.0939 -23.0939 2 2 0
0.728576 -23.0933 -23.0933 2 2 0
0.728768 -23.093 -23.093 2 2 0
0.72883 -23.0929 -23.0929 2 2 0
0.728767 -23.093 -23.093 2 2 0
0.728583 -23.0933 -23.0933 2 2 0
0.72828 -23.0938 -23.0938 2 2 0
0.727863 -23.0946 -23.0946 2 2 0
0.727335 -23.0955 -23.0955 2 2 0
0.726701 -23.0966 -23.0966 2 2 0
0.725964 -23.098 -23.098 2 2 0
0.725127 -23.0995 -23.0995 2 2 0
0.724194 -23.1011 -23.1011 2 2 0
0.723168 -23.1029 -23.1029 2 2 0
0.722053 -23.1049 -23.1049 2 2 0
0.720851 -23.1071 -23.1071 2 2 0
0.719566 -23.1094 -23.1094 2 2 0
0.7182 -23.1118 -23.1118 2 2 0
0.716757 -23.1144 -23.1144 2 2 0
0.71524 -23.1171 -23.1171 2 2 0
0.71365 -23.1199 -23.1199 2 2 0
0.711992 -23.1229 -23.1229 2 2 0
0.710267 -23.126 -23.126 2 2 0
0.708478 -23.1291 -23.1291 2 2 0
0.706627 -23.1324 -23.1324 2 2 0
0.704717 -23.1358 -23.1358 2 2 0
0.70275 -23.1394 -23.1394 2 2 0
0.700728 -23.143 -23.143 2 2 0
0.698653 -23.1467 -23.1467 2 2 0
0.696528 -23.1505 -23.1505 2 2 0
0.694354 -23.1543 -23.1543 2 2 0
0.692134 -23.1583 -23.1583 2 2 0
0.689869 -23.1623 -23.1623 2 2 0
0.68756 -23.1665 -23.1665 2 2 0
0.685211 -23.1706 -23.1706 2 2 0
0.682821 -23.1749 -23.1749 2 2 0
0.680394 -23.1792 -23.1792 2 2 0
0.67793 -23.1836 -23.1836 2 2 0
0.675432 -23.1881 -23.1881 2 2 0
0.672899 -23.1926 -23.1926 2 2 0
0.670334 -23.1972 -23.1972 2 2 0
0.667739 -23.2018 -23.2018 2 2 0
0.665113 -23.2065 -23.2065 2 2 0
0.662459 -23.2113 -23.2113 2 2 0
0.659777 -23.216 -23.216 2 2 0
0.657068 -23.2209 -23.2209 2 2 0
0.654334 -23.2258 -23.2258 2 2 0
0.651576 -23.2307 -23.2307 2 2 0
0.648793 -23.2357 -23.2357 2 2 0
0.645988 -23.2407 -23.2407 2 2 0
0.64316 -23.2457 -23.2457 2 2 0
0.64031 -23.2508 -23.2508 2 2 0
0.63744 -23.2559 -23.2559 2 2 0
0.634549 -23.2611 -23.2611 2 2 0
0.631638 -23.2663 -23.2663 2 2 0
0.628708 -23.2715 -23.2715 2 2 0
0.625758 -23.2768 -23.2768 2 2 0
0.62279 -23.2821 -23.2821 2 2 0
0.619803 -23.2874 -23.2874 2 2 0
0.616797 -23.2928 -23.2928 2 2 0
0.613773 -23.2982 -23.2982 2 2 0
0.610731 -23.3037 -23.3037 2 2 0
0.607671 -23.3091 -23.3091 2 2 0
0.604592 -23.3146 -23.3146 2 2 0
0.601495 -23.3202 -23.3202 2 2 0
0.59838 -23.3257 -23.3257 2 2 0
0.595245 -23.3314 -23.3314 2 2 0
0.592091 -23.337 -23.337 2 2 0
0.588918 -23.3427 -23.3427 2 2 0
0.585725 -23.3484 -23.3484 2 2 0
0.582511 -23.3541 -23.3541 2 2 0
0.579276 -23.3599 -23.3599 2 2 0
0.57602 -23.3658 -23.3658 2 2 0
0.57274 -23.3716 -23.3716 2 2 0
0.569438 -23.3775 -23.3775 2 2 0
0.566111 -23.3835 -23.3835 2 2 0
0.562759 -23.3895 -23.3895 2 2 0
0.559381 -23.3955 -23.3955 2 2 0
0.555976 -23.4016 -23.4016 2 2 0
0.552542 -23.4078 -23.4078 2 2 0
0.549079 -23.414 -23.414 2 2 0
0.545585 -23.4203 -23.4203 2 2 0
0.542058 -23.4266 -23.4266 2 2 0
0.538498 -23.433 -23.433 2 2 0
0.534902 -23.4394 -23.4394 2 2 0
0.531269 -23.4459 -23.4459 2 2 0
0.527598 -23.4525 -23.4525 2 2 0
0.523885 -23.4592 -23.4592 2 2 0
0.52013 -23.4659 -23.4659 2 2 0
0.516331 -23.4727 -23.4727 2 2 0
0.512485 -23.4796 -23.4796 2 2 0
0.50859 -23.4866 -23.4866 2 2 0
0.504645 -23.4937 -23.4937 2 2 0
0.500646 -23.5009 -23.5009 2 2 0
0.496591 -23.5082 -23.5082 2 2 0
0.492478 -23.5155 -23.5155 2 2 0
0.488303 -23.523 -23.523 2 2 0
