-2 -65.3916 -65.3916 2 1 0
-1.97785 -65.3681 -65.3681 1 1 0
-1.95579 -65.3445 -65.3445 1 1 0
-1.91196 -65.2972 -65.2972 1 1 0
-1.8577 -65.2378 -65.2378 1 1 0
-1.80405 -65.1781 -65.1781 1 1 0
-1.75099 -65.1182 -65.1182 1 1 0
-1.69854 -65.058 -65.058 1 1 0
-1.64669 -64.9975 -64.9975 1 1 0
-1.59545 -64.9368 -64.9368 1 1 0
-1.54482 -64.8758 -64.8758 1 1 0
-1.49481 -64.8146 -64.8146 1 1 0
-1.4454 -64.7531 -64.7531 1 1 0
-1.39661 -64.6914 -64.6914 1 1 0
-1.34844 -64.6294 -64.6294 1 1 0
-1.30088 -64.5672 -64.5672 1 1 0
-1.25394 -64.5048 -64.5048 1 1 0
-1.20762 -64.4421 -64.4421 1 1 0
-1.16192 -64.3792 -64.3792 1 1 0
-1.11683 -64.3161 -64.3161 1 1 0
-1.07237 -64.2528 -64.2528 1 1 0
-1.02852 -64.1892 -64.1892 1 1 0
-0.985285 -64.1254 -64.1254 1 1 0
-0.942669 -64.0615 -64.0615 1 1 0
-0.900669 -63.9973 -63.9973 1 1 0
-0.859282 -63.9329 -63.9329 1 1 0
-0.818507 -63.8684 -63.8684 1 1 0
-0.778343 -63.8036 -63.8036 1 1 0
-0.738788 -63.7387 -63.7387 1 1 0
-0.699839 -63.6735 -63.6735 1 1 0
-0.661495 -63.6082 -63.6082 1 1 0
-0.623752 -63.5427 -63.5427 1 1 0
-0.586608 -63.4771 -63.4771 1 1 0
-0.550061 -63.4113 -63.4113 1 1 0
-0.514106 -63.3453 -63.3453 1 1 0
-0.478742 -63.2792 -63.2792 1 1 0
-0.443964 -63.2129 -63.2129 1 1 0
-0.409769 -63.1464 -63.1464 1 1 0
-0.376153 -63.0798 -63.0798 1 1 0
-0.343112 -63.0131 -63.0131 1 1 0
-0.310642 -62.9462 -62.9462 1 1 0
-0.27874 -62.8792 -62.8792 1 1 0
-0.2474 -62.812 -62.812 1 1 0
-0.216618 -62.7448 -62.7448 1 1 0
-0.186391 -62.6774 -62.6774 1 1 0
-0.156712 -62.6098 -62.6098 1 1 0
-0.127577 -62.5422 -62.5422 1 1 0
-0.0989818 -62.4744 -62.4744 1 1 0
-0.0709209 -62.4066 -62.4066 1 1 0
-0.0433892 -62.3386 -62.3386 1 1 0
-0.0163816 -62.2705 -62.2705 1 1 0
0.0101072 -62.2023 -62.2023 1 1 0
0.0360825 -62.134 -62.134 1 1 0
0.0615497 -62.0656 -62.0656 1 1 0
0.0865143 -61.9972 -61.9972 1 1 0
0.110982 -61.9286 -61.9286 1 1 0
0.134958 -61.86 -61.86 1 1 0
0.158448 -61.7912 -61.7912 1 1 0
0.181457 -61.7224 -61.7224 1 1 0
0.203992 -61.6535 -61.6535 1 1 0
0.226059 -61.5846 -61.5846 1 1 0
0.247662 -61.5155 -61.5155 1 1 0
0.268808 -61.4464 -61.4464 1 1 0
0.289502 -61.3772 -61.3772 1 1 0
0.309751 -61.308 -61.308 1 1 0
0.329559 -61.2387 -61.2387 1 1 0
0.348934 -61.1693 -61.1693 1 1 0
0.36788 -61.0999 -61.0999 1 1 0
0.386404 -61.0304 -61.0304 1 1 0
0.404511 -60.9608 -60.9608 1 1 0
0.422208 -60.8912 -60.8912 1 1 0
0.439499 -60.8216 -60.8216 1 1 0
0.456391 -60.7519 -60.7519 1 1 0
0.47289 -60.6822 -60.6822 1 1 0
0.489001 -60.6124 -60.6124 1 1 0
0.504729 -60.5425 -60.5425 1 1 0
0.520082 -60.4727 -60.4727 1 1 0
0.535063 -60.4028 -60.4028 1 1 0
0.54968 -60.3328 -60.3328 1 1 0
0.563937 -60.2628 -60.2628 1 1 0
0.577839 -60.1928 -60.1928 1 1 0
0.591394 -60.1227 -60.1227 1 1 0
0.604605 -60.0527 -60.0527 1 1 0
0.617479 -59.9825 -59.9825 1 1 0
0.630021 -59.9124 -59.9124 1 1 0
0.642236 -59.8422 -59.8422 1 1 0
0.654129 -59.772 -59.772 1 1 0
0.665706 -59.7018 -59.7018 1 1 0
0.676972 -59.6315 -59.6315 1 1 0
0.687932 -59.5612 -59.5612 1 1 0
0.698591 -59.4909 -59.4909 1 1 0
0.708954 -59.4206 -59.4206 1 1 0
0.719026 -59.3502 -59.3502 1 1 0
0.728813 -59.2798 -59.2798 1 1 0
0.738319 -59.2095 -59.2095 1 1 0
0.747548 -59.139 -59.139 1 1 0
0.756506 -59.0686 -59.0686 1 1 0
0.765198 -58.9982 -58.9982 1 1 0
0.773628 -58.9277 -58.9277 1 1 0
0.7818 -58.8572 -58.8572 1 1 0
0.78972 -58.7868 -58.7868 1 1 0
0.797391 -58.7163 -58.7163 1 1 0
0.804819 -58.6457 -58.6457 1 1 0
0.812007 -58.5752 -58.5752 1 1 0
0.818961 -58.5047 -58.5047 1 1 0
0.825683 -58.4341 -58.4341 1 1 0
0.832179 -58.3636 -58.3636 1 1 0
0.838453 -58.293 -58.293 1 1 0
0.844508 -58.2224 -58.2224 1 1 0
0.85035 -58.1518 -58.1518 1 1 0
0.855981 -58.0812 -58.0812 1 1 0
0.861406 -58.0106 -58.0106 1 1 0
0.866629 -57.94 -57.94 1 1 0
0.871653 -57.8694 -57.8694 1 1 0
0.876482 -57.7987 -57.7987 1 1 0
0.881121 -57.7281 -57.7281 1 1 0
0.885572 -57.6575 -57.6575 1 1 0
0.88984 -57.5868 -57.5868 1 1 0
0.893928 -57.5162 -57.5162 1 1 0
0.897839 -57.4455 -57.4455 1 1 0
0.901578 -57.3749 -57.3749 1 1 0
0.905146 -57.3042 -57.3042 1 1 0
0.908549 -57.2335 -57.2335 1 1 0
0.911788 -57.1628 -57.1628 1 1 0
0.914868 -57.0922 -57.0922 1 1 0
0.917791 -57.0215 -57.0215 1 1 0
0.920561 -56.9508 -56.9508 1 1 0
0.923181 -56.8801 -56.8801 1 1 0
0.925654 -56.8094 -56.8094 1 1 0
0.927983 -56.7387 -56.7387 1 1 0
0.930171 -56.668 -56.668 1 1 0
0.93222 -56.5973 -56.5973 1 1 0
0.934134 -56.5267 -56.5267 1 1 0
0.935916 -56.456 -56.456 1 1 0
0.937569 -56.3853 -56.3853 1 1 0
0.939094 -56.3145 -56.3145 1 1 0
0.940495 -56.2438 -56.2438 1 1 0
0.941775 -56.1731 -56.1731 1 1 0
0.942936 -56.1024 -56.1024 1 1 0
0.94398 -56.0317 -56.0317 1 1 0
0.944911 -55.961 -55.961 1 1 0
0.94573 -55.8903 -55.8903 1 1 0
0.946441 -55.8196 -55.8196 1 1 0
0.947045 -55.7489 -55.7489 1 1 0
0.947545 -55.6782 -55.6782 1 1 0
0.947943 -55.6075 -55.6075 1 1 0
0.948242 -55.5368 -55.5368 1 1 0
0.948443 -55.4661 -55.4661 1 1 0
0.94855 -55.3953 -55.3953 1 1 0
0.94857 -55.3493 -55.3493 2 1 0
0.948569 -55.3487 -55.3487 2 1 0
0.948523 -55.2779 -55.2779 2 1 0
0.948388 -55.2072 -55.2072 2 1 0
0.948165 -55.1365 -55.1365 2 1 0
0.947858 -55.0658 -55.0658 2 1 0
0.947467 -54.9951 -54.9951 2 1 0
0.946995 -54.9244 -54.9244 2 1 0
0.946444 -54.8537 -54.8537 2 1 0
0.945815 -54.783 -54.783 2 1 0
0.945111 -54.7123 -54.7123 2 1 0
0.944334 -54.6416 -54.6416 2 1 0
0.943485 -54.5708 -54.5708 2 1 0
0.942565 -54.5001 -54.5001 2 1 0
0.941578 -54.4294 -54.4294 2 1 0
0.940524 -54.3587 -54.3587 2 1 0
0.939405 -54.288 -54.288 2 1 0
0.938223 -54.2173 -54.2173 2 1 0
0.93698 -54.1466 -54.1466 2 1 0
0.935676 -54.0759 -54.0759 2 1 0
0.934315 -54.0052 -54.0052 2 1 0
0.932896 -53.9345 -53.9345 2 1 0
0.931422 -53.8638 -53.8638 2 1 0
0.929894 -53.7931 -53.7931 2 1 0
0.928314 -53.7224 -53.7224 2 1 0
0.926683 -53.6517 -53.6517 2 1 0
0.925002 -53.581 -53.581 2 1 0
0.923273 -53.5103 -53.5103 2 1 0
0.921497 -53.4396 -53.4396 2 1 0
0.919676 -53.3689 -53.3689 2 1 0
0.917811 -53.2982 -53.2982 2 1 0
0.915902 -53.2275 -53.2275 2 1 0
0.913952 -53.1568 -53.1568 2 1 0
0.911962 -53.0861 -53.0861 2 1 0
0.909932 -53.0154 -53.0154 2 1 0
0.907865 -52.9447 -52.9447 2 1 0
0.90576 -52.874 -52.874 2 1 0
0.90362 -52.8033 -52.8033 2 1 0
0.901445 -52.7326 -52.7326 2 1 0
0.899236 -52.6619 -52.6619 2 1 0
0.896995 -52.5912 -52.5912 2 1 0
0.894723 -52.5205 -52.5205 2 1 0
0.89242 -52.4499 -52.4499 2 1 0
0.890088 -52.3792 -52.3792 2 1 0
0.887727 -52.3085 -52.3085 2 1 0
0.885339 -52.2378 -52.2378 2 1 0
0.882924 -52.1671 -52.1671 2 1 0
0.880484 -52.0964 -52.0964 2 1 0
0.878019 -52.0257 -52.0257 2 1 0
0.87553 -51.955 -51.955 2 1 0
0.873019 -51.8843 -51.8843 2 1 0
0.870485 -51.8136 -51.8136 2 1 0
0.86793 -51.743 -51.743 2 1 0
0.865355 -51.6723 -51.6723 2 1 0
0.86276 -51.6016 -51.6016 2 1 0
0.860146 -51.5309 -51.5309 2 1 0
0.857515 -51.4602 -51.4602 2 1 0
0.854865 -51.3895 -51.3895 2 1 0
0.852199 -51.3188 -51.3188 2 1 0
0.849518 -51.2482 -51.2482 2 1 0
0.846821 -51.1775 -51.1775 2 1 0
0.844109 -51.1068 -51.1068 2 1 0
0.841384 -51.0361 -51.0361 2 1 0
0.838645 -50.9654 -50.9654 2 1 0
0.835893 -50.8947 -50.8947 2 1 0
0.83313 -50.8241 -50.8241 2 1 0
0.830355 -50.7534 -50.7534 2 1 0
0.827569 -50.6827 -50.6827 2 1 0
0.824773 -50.612 -50.612 2 1 0
0.821967 -50.5413 -50.5413 2 1 0
0.819152 -50.4706 -50.4706 2 1 0
0.816329 -50.4 -50.4 2 1 0
0.813497 -50.3293 -50.3293 2 1 0
0.810657 -50.2586 -50.2586 2 1 0
0.80781 -50.1879 -50.1879 2 1 0
0.804956 -50.1172 -50.1172 2 1 0
0.802096 -50.0465 -50.0465 2 1 0
0.79923 -49.9759 -49.9759 2 1 0
0.796358 -49.9052 -49.9052 2 1 0
0.793481 -49.8345 -49.8345 2 1 0
0.7906 -49.7638 -49.7638 2 1 0
0.787714 -49.6931 -49.6931 2 1 0
0.784824 -49.6225 -49.6225 2 1 0
0.78193 -49.5518 -49.5518 2 1 0
0.779033 -49.4811 -49.4811 2 1 0
0.776133 -49.4104 -49.4104 2 1 0
0.773231 -49.3397 -49.3397 2 1 0
0.770326 -49.2691 -49.2691 2 1 0
0.767418 -49.1984 -49.1984 2 1 0
0.764509 -49.1277 -49.1277 2 1 0
0.761598 -49.057 -49.057 2 1 0
0.758686 -48.9863 -48.9863 2 1 0
0.755772 -48.9156 -48.9156 2 1 0
0.752858 -48.845 -48.845 2 1 0
0.749942 -48.7743 -48.7743 2 1 0
0.747026 -48.7036 -48.7036 2 1 0
0.74411 -48.6329 -48.6329 2 1 0
0.741193 -48.5622 -48.5622 2 1 0
0.738276 -48.4916 -48.4916 2 1 0
0.735359 -48.4209 -48.4209 2 1 0
0.732442 -48.3502 -48.3502 2 1 0
0.729526 -48.2795 -48.2795 2 1 0
0.726609 -48.2088 -48.2088 2 1 0
0.723693 -48.1382 -48.1382 2 1 0
0.720777 -48.0675 -48.0675 2 1 0
0.717862 -47.9968 -47.9968 2 1 0
0.714947 -47.9261 -47.9261 2 1 0
0.712033 -47.8554 -47.8554 2 1 0
0.709119 -47.7848 -47.7848 2 1 0
0.706206 -47.7141 -47.7141 2 1 0
0.703293 -47.6434 -47.6434 2 1 0
0.700381 -47.5727 -47.5727 2 1 0
0.697469 -47.502 -47.502 2 1 0
0.694557 -47.4314 -47.4314 2 1 0
0.691645 -47.3607 -47.3607 2 1 0
0.688734 -47.29 -47.29 2 1 0
0.685823 -47.2193 -47.2193 2 1 0
0.682911 -47.1486 -47.1486 2 1 0
0.68 -47.078 -47.078 2 1 0
0.677088 -47.0073 -47.0073 2 1 0
0.674175 -46.9366 -46.9366 2 1 0
0.671262 -46.8659 -46.8659 2 1 0
0.668348 -46.7952 -46.7952 2 1 0
0.665433 -46.7246 -46.7246 2 1 0
0.662516 -46.6539 -46.6539 2 1 0
0.659598 -46.5832 -46.5832 2 1 0
0.656678 -46.5125 -46.5125 2 1 0
0.653756 -46.4418 -46.4418 2 1 0
0.650831 -46.3712 -46.3712 2 1 0
0.647904 -46.3005 -46.3005 2 1 0
0.644974 -46.2298 -46.2298 2 1 0
0.64204 -46.1591 -46.1591 2 1 0
0.639103 -46.0884 -46.0884 2 1 0
0.636161 -46.0178 -46.0178 2 1 0
0.633215 -45.9471 -45.9471 2 1 0
0.630265 -45.8764 -45.8764 2 1 0
0.627308 -45.8057 -45.8057 2 1 0
0.624347 -45.735 -45.735 2 1 0
0.621379 -45.6644 -45.6644 2 1 0
0.618404 -45.5937 -45.5937 2 1 0
0.615422 -45.523 -45.523 2 1 0
0.612432 -45.4523 -45.4523 2 1 0
0.609435 -45.3816 -45.3816 2 1 0
0.606428 -45.311 -45.311 2 1 0
0.603412 -45.2403 -45.2403 2 1 0
0.600386 -45.1696 -45.1696 2 1 0
0.59735 -45.0989 -45.0989 2 1 0
0.594303 -45.0283 -45.0283 2 1 0
0.591243 -44.9576 -44.9576 2 1 0
0.588171 -44.8869 -44.8869 2 1 0
0.585087 -44.8162 -44.8162 2 1 0
0.581988 -44.7455 -44.7455 2 1 0
0.578874 -44.6749 -44.6749 2 1 0
0.575745 -44.6042 -44.6042 2 1 0
0.5726 -44.5335 -44.5335 2 1 0
0.569438 -44.4628 -44.4628 2 1 0
0.566259 -44.3922 -44.3922 2 1 0
0.56306 -44.3215 -44.3215 2 1 0
0.559843 -44.2508 -44.2508 2 1 0
0.556605 -44.1802 -44.1802 2 1 0
0.553345 -44.1095 -44.1095 2 1 0
0.550064 -44.0388 -44.0388 2 1 0
0.546759 -43.9681 -43.9681 2 1 0
0.54343 -43.8975 -43.8975 2 1 0
0.540076 -43.8268 -43.8268 2 1 0
0.536696 -43.7561 -43.7561 2 1 0
0.533289 -43.6855 -43.6855 2 1 0
0.529853 -43.6148 -43.6148 2 1 0
0.526388 -43.5441 -43.5441 2 1 0
0.522892 -43.4735 -43.4735 2 1 0
0.519365 -43.4028 -43.4028 2 1 0
0.515805 -43.3321 -43.3321 2 1 0
0.512211 -43.2615 -43.2615 2 1 0
0.508582 -43.1908 -43.1908 2 1 0
0.504916 -43.1201 -43.1201 2 1 0
0.501212 -43.0495 -43.0495 2 1 0
0.49747 -42.9788 -42.9788 2 1 0
0.493686 -42.9082 -42.9082 2 1 0
0.489862 -42.8375 -42.8375 2 1 0
0.485993 -42.7669 -42.7669 2 1 0
0.482081 -42.6962 -42.6962 2 1 0
0.478122 -42.6255 -42.6255 2 1 0
0.474116 -42.5549 -42.5549 2 1 0
0.470061 -42.4842 -42.4842 2 1 0
0.465956 -42.4136 -42.4136 2 1 0
0.461798 -42.3429 -42.3429 2 1 0
0.457587 -42.2723 -42.2723 2 1 0
0.453321 -42.2017 -42.2017 2 1 0
0.448999 -42.131 -42.131 2 1 0
0.444618 -42.0604 -42.0604 2 1 0
0.440176 -41.9897 -41.9897 2 1 0
0.435674 -41.9191 -41.9191 2 1 0
0.431108 -41.8485 -41.8485 2 1 0
0.426476 -41.7778 -41.7778 2 1 0
0.421778 -41.7072 -41.7072 2 1 0
0.417012 -41.6366 -41.6366 2 1 0
0.412175 -41.566 -41.566 2 1 0
0.407265 -41.4953 -41.4953 2 1 0
0.402282 -41.4247 -41.4247 2 1 0
0.397222 -41.3541 -41.3541 2 1 0
0.392085 -41.2835 -41.2835 2 1 0
0.386868 -41.2129 -41.2129 2 1 0
0.38157 -41.1423 -41.1423 2 1 0
0.376188 -41.0717 -41.0717 2 1 0
0.370721 -41.0011 -41.0011 2 1 0
0.365166 -40.9305 -40.9305 2 1 0
0.359522 -40.8599 -40.8599 2 1 0
0.353786 -40.7893 -40.7893 2 1 0
0.347957 -40.7187 -40.7187 2 1 0
0.342032 -40.6481 -40.6481 2 1 0
0.336011 -40.5775 -40.5775 2 1 0
0.329889 -40.507 -40.507 2 1 0
0.323666 -40.4364 -40.4364 2 1 0
0.31734 -40.3658 -40.3658 2 1 0
0.310908 -40.2953 -40.2953 2 1 0
0.304369 -40.2247 -40.2247 2 1 0
0.297719 -40.1542 -40.1542 2 1 0
0.290958 -40.0836 -40.0836 2 1 0
0.284084 -40.0131 -40.0131 2 1 0
0.277093 -39.9426 -39.9426 2 1 0
0.269985 -39.872 -39.872 2 1 0
0.262756 -39.8015 -39.8015 2 1 0
0.255406 -39.731 -39.731 2 1 0
0.247932 -39.6605 -39.6605 2 1 0
0.240332 -39.59 -39.59 2 1 0
0.232604 -39.5195 -39.5195 2 1 0
0.224746 -39.449 -39.449 2 1 0
0.216757 -39.3786 -39.3786 2 1 0
0.208633 -39.3081 -39.3081 2 1 0
0.200374 -39.2376 -39.2376 2 1 0
0.191978 -39.1672 -39.1672 2 1 0
0.183442 -39.0967 -39.0967 2 1 0
0.174766 -39.0263 -39.0263 2 1 0
0.165946 -38.9559 -38.9559 2 1 0
0.156982 -38.8855 -38.8855 2 1 0
0.147871 -38.8151 -38.8151 2 1 0
0.138613 -38.7447 -38.7447 2 1 0
0.129205 -38.6743 -38.6743 2 1 0
0.119645 -38.6039 -38.6039 2 1 0
0.109934 -38.5335 -38.5335 2 1 0
0.100068 -38.4632 -38.4632 2 1 0
0.0900472 -38.3929 -38.3929 2 1 0
0.0798695 -38.3225 -38.3225 2 1 0
0.0695338 -38.2522 -38.2522 2 1 0
0.059039 -38.1819 -38.1819 2 1 0
0.0483839 -38.1116 -38.1116 2 1 0
0.0375676 -38.0413 -38.0413 2 1 0
0.0265891 -37.9711 -37.9711 2 1 0
0.0154474 -37.9008 -37.9008 2 1 0
0.0041418 -37.8306 -37.8306 2 1 0
-0.00732842 -37.7603 -37.7603 2 1 0
-0.0189639 -37.6901 -37.6901 2 1 0
-0.0307651 -37.6199 -37.6199 2 1 0
-0.0427325 -37.5497 -37.5497 2 1 0
-0.0548664 -37.4796 -37.4796 2 1 0
-0.0671671 -37.4094 -37.4094 2 1 0
-0.0796346 -37.3393 -37.3393 2 1 0
-0.092269 -37.2692 -37.2692 2 1 0
-0.10507 -37.1991 -37.1991 2 1 0
-0.118038 -37.129 -37.129 2 1 0
-0.131172 -37.0589 -37.0589 2 1 0
-0.144471 -36.9888 -36.9888 2 1 0
-0.157936 -36.9188 -36.9188 2 1 0
-0.171565 -36.8488 -36.8488 2 1 0
-0.185358 -36.7788 -36.7788 2 1 0
-0.199314 -36.7088 -36.7088 2 1 0
-0.213431 -36.6388 -36.6388 2 1 0
-0.227708 -36.5688 -36.5688 2 1 0
-0.242144 -36.4989 -36.4989 2 1 0
-0.256738 -36.429 -36.429 2 1 0
-0.271487 -36.3591 -36.3591 2 1 0
-0.28639 -36.2892 -36.2892 2 1 0
-0.301445 -36.2193 -36.2193 2 1 0
-0.31665 -36.1494 -36.1494 2 1 0
-0.332002 -36.0796 -36.0796 2 1 0
-0.3475 -36.0098 -36.0098 2 1 0
-0.36314 -35.94 -35.94 2 1 0
-0.378919 -35.8702 -35.8702 2 1 0
-0.394836 -35.8004 -35.8004 2 1 0
-0.410886 -35.7307 -35.7307 2 1 0
-0.427067 -35.6609 -35.6609 2 1 0
-0.443375 -35.5912 -35.5912 2 1 0
-0.459806 -35.5215 -35.5215 2 1 0
-0.476358 -35.4518 -35.4518 2 1 0
-0.493025 -35.3821 -35.3821 2 1 0
-0.509805 -35.3124 -35.3124 2 1 0
-0.526692 -35.2428 -35.2428 2 1 0
-0.543682 -35.1732 -35.1732 2 1 0
-0.560772 -35.1035 -35.1035 2 1 0
-0.577955 -35.0339 -35.0339 2 1 0
-0.595227 -34.9643 -34.9643 2 1 0
-0.612584 -34.8947 -34.8947 2 1 0
-0.63002 -34.8252 -34.8252 2 1 0
-0.647529 -34.7556 -34.7556 2 1 0
-0.665105 -34.686 -34.686 2 1 0
-0.682744 -34.6165 -34.6165 2 1 0
-0.70044 -34.5469 -34.5469 2 1 0
-0.718185 -34.4774 -34.4774 2 1 0
-0.735975 -34.4079 -34.4079 2 1 0
-0.753802 -34.3384 -34.3384 2 1 0
-0.77166 -34.2689 -34.2689 2 1 0
-0.789542 -34.1993 -34.1993 2 1 0
-0.807441 -34.1298 -34.1298 2 1 0
-0.825351 -34.0603 -34.0603 2 1 0
-0.843264 -33.9908 -33.9908 2 1 0
-0.861172 -33.9213 -33.9213 2 1 0
-0.879069 -33.8518 -33.8518 2 1 0
-0.896946 -33.7823 -33.7823 2 1 0
-0.914796 -33.7128 -33.7128 2 1 0
-0.932611 -33.6433 -33.6433 2 1 0
-0.950382 -33.5738 -33.5738 2 1 0
-0.968101 -33.5043 -33.5043 2 1 0
-0.98576 -33.4348 -33.4348 2 1 0
-1.00335 -33.3652 -33.3652 2 1 0
-1.02086 -33.2957 -33.2957 2 1 0
-1.03829 -33.2261 -33.2261 2 1 0
-1.05562 -33.1566 -33.1566 2 1 0
-1.07285 -33.087 -33.087 2 1 0
-1.08996 -33.0174 -33.0174 2 1 0
-1.10695 -32.9478 -32.9478 2 1 0
-1.12381 -32.8782 -32.8782 2 1 0
-1.14053 -32.8086 -32.8086 2 1 0
-1.15709 -32.7389 -32.7389 2 1 0
-1.17349 -32.6693 -32.6693 2 1 0
-1.18972 -32.5996 -32.5996 2 1 0
-1.20577 -32.5299 -32.5299 2 1 0
-1.22163 -32.4602 -32.4602 2 1 0
-1.23729 -32.3904 -32.3904 2 1 0
-1.25273 -32.3207 -32.3207 2 1 0
-1.26795 -32.2509 -32.2509 2 1 0
-1.28294 -32.1811 -32.1811 2 1 0
-1.29769 -32.1112 -32.1112 2 1 0
-1.31218 -32.0414 -32.0414 2 1 0
-1.32641 -31.9715 -31.9715 2 1 0
-1.34037 -31.9016 -31.9016 2 1 0
-1.35403 -31.8316 -31.8316 2 1 0
-1.36741 -31.7616 -31.7616 2 1 0
-1.38047 -31.6916 -31.6916 2 1 0
-1.39322 -31.6216 -31.6216 2 1 0
-1.40564 -31.5516 -31.5516 2 1 0
-1.41772 -31.4815 -31.4815 2 1 0
-1.42945 -31.4114 -31.4114 2 1 0
-1.44083 -31.3412 -31.3412 2 1 0
-1.45183 -31.2711 -31.2711 2 1 0
-1.46245 -31.2009 -31.2009 2 1 0
-1.47268 -31.1307 -31.1307 2 1 0
-1.48251 -31.0604 -31.0604 2 1 0
-1.49192 -30.9901 -30.9901 2 1 0
-1.50092 -30.9198 -30.9198 2 1 0
-1.50948 -30.8495 -30.8495 2 1 0
-1.5176 -30.7792 -30.7792 2 1 0
0.94857 -55.3487 -55.3487 2 2 0
0.94857 -55.3628 -55.3628 2 2 0
0.948562 -55.3769 -55.3769 2 2 0
0.94854 -55.4051 -55.4051 2 2 0
0.948453 -55.4611 -55.4611 2 2 0
0.948261 -55.5306 -55.5306 2 2 0
0.947978 -55.5996 -55.5996 2 2 0
0.947604 -55.668 -55.668 2 2 0
0.947139 -55.7359 -55.7359 2 2 0
0.946584 -55.8032 -55.8032 2 2 0
0.945939 -55.8699 -55.8699 2 2 0
0.945205 -55.936 -55.936 2 2 0
0.944382 -56.0015 -56.0015 2 2 0
0.943471 -56.0665 -56.0665 2 2 0
0.942472 -56.1309 -56.1309 2 2 0
0.941386 -56.1947 -56.1947 2 2 0
0.940214 -56.2578 -56.2578 2 2 0
0.938957 -56.3205 -56.3205 2 2 0
0.937615 -56.3825 -56.3825 2 2 0
0.93619 -56.4439 -56.4439 2 2 0
0.934683 -56.5047 -56.5047 2 2 0
0.933094 -56.565 -56.565 2 2 0
0.931425 -56.6246 -56.6246 2 2 0
0.929678 -56.6836 -56.6836 2 2 0
0.927852 -56.7421 -56.7421 2 2 0
0.92595 -56.7999 -56.7999 2 2 0
0.923972 -56.8572 -56.8572 2 2 0
0.921921 -56.9139 -56.9139 2 2 0
0.919796 -56.9699 -56.9699 2 2 0
0.917601 -57.0254 -57.0254 2 2 0
0.915335 -57.0803 -57.0803 2 2 0
0.913001 -57.1346 -57.1346 2 2 0
0.910601 -57.1884 -57.1884 2 2 0
0.908134 -57.2415 -57.2415 2 2 0
0.905604 -57.2941 -57.2941 2 2 0
0.903011 -57.346 -57.346 2 2 0
0.900357 -57.3975 -57.3975 2 2 0
0.897644 -57.4483 -57.4483 2 2 0
0.894873 -57.4985 -57.4985 2 2 0
0.892046 -57.5482 -57.5482 2 2 0
0.889164 -57.5974 -57.5974 2 2 0
0.886229 -57.6459 -57.6459 2 2 0
0.883243 -57.6939 -57.6939 2 2 0
0.880206 -57.7414 -57.7414 2 2 0
0.877122 -57.7883 -57.7883 2 2 0
0.87399 -57.8346 -57.8346 2 2 0
0.870813 -57.8804 -57.8804 2 2 0
0.867593 -57.9257 -57.9257 2 2 0
0.86433 -57.9705 -57.9705 2 2 0
0.861027 -58.0147 -58.0147 2 2 0
0.857684 -58.0584 -58.0584 2 2 0
0.854305 -58.1015 -58.1015 2 2 0
0.850889 -58.1442 -58.1442 2 2 0
0.847438 -58.1863 -58.1863 2 2 0
0.843955 -58.228 -58.228 2 2 0
0.840439 -58.2691 -58.2691 2 2 0
0.836894 -58.3097 -58.3097 2 2 0
0.833319 -58.3499 -58.3499 2 2 0
0.829717 -58.3895 -58.3895 2 2 0
0.826089 -58.4287 -58.4287 2 2 0
0.822435 -58.4674 -58.4674 2 2 0
0.818759 -58.5056 -58.5056 2 2 0
0.815059 -58.5434 -58.5434 2 2 0
0.811339 -58.5807 -58.5807 2 2 0
0.807599 -58.6176 -58.6176 2 2 0
0.80384 -58.654 -58.654 2 2 0
0.800063 -58.69 -58.69 2 2 0
0.796269 -58.7255 -58.7255 2 2 0
0.792461 -58.7606 -58.7606 2 2 0
0.788637 -58.7953 -58.7953 2 2 0
0.7848 -58.8296 -58.8296 2 2 0
0.780951 -58.8634 -58.8634 2 2 0
0.777089 -58.8968 -58.8968 2 2 0
0.773217 -58.9299 -58.9299 2 2 0
0.769335 -58.9625 -58.9625 2 2 0
0.765444 -58.9948 -58.9948 2 2 0
0.761545 -59.0267 -59.0267 2 2 0
0.757637 -59.0582 -59.0582 2 2 0
0.753723 -59.0893 -59.0893 2 2 0
0.749802 -59.1201 -59.1201 2 2 0
0.745876 -59.1505 -59.1505 2 2 0
0.741944 -59.1806 -59.1806 2 2 0
0.738007 -59.2103 -59.2103 2 2 0
0.734066 -59.2397 -59.2397 2 2 0
0.730121 -59.2687 -59.2687 2 2 0
0.726172 -59.2975 -59.2975 2 2 0
0.72222 -59.3259 -59.3259 2 2 0
0.718265 -59.354 -59.354 2 2 0
0.714308 -59.3818 -59.3818 2 2 0
0.710347 -59.4093 -59.4093 2 2 0
0.706385 -59.4365 -59.4365 2 2 0
0.702419 -59.4634 -59.4634 2 2 0
0.698452 -59.4901 -59.4901 2 2 0
0.694482 -59.5165 -59.5165 2 2 0
0.690509 -59.5426 -59.5426 2 2 0
0.686534 -59.5685 -59.5685 2 2 0
0.682556 -59.5941 -59.5941 2 2 0
0.678575 -59.6195 -59.6195 2 2 0
0.674591 -59.6446 -59.6446 2 2 0
0.670603 -59.6695 -59.6695 2 2 0
0.666611 -59.6942 -59.6942 2 2 0
0.662614 -59.7187 -59.7187 2 2 0
0.658612 -59.743 -59.743 2 2 0
0.654605 -59.7671 -59.7671 2 2 0
0.650591 -59.791 -59.791 2 2 0
0.646571 -59.8147 -59.8147 2 2 0
0.642542 -59.8382 -59.8382 2 2 0
0.638505 -59.8616 -59.8616 2 2 0
0.634459 -59.8849 -59.8849 2 2 0
0.630402 -59.9079 -59.9079 2 2 0
0.626334 -59.9309 -59.9309 2 2 0
0.622254 -59.9537 -59.9537 2 2 0
0.61816 -59.9764 -59.9764 2 2 0
0.614051 -59.999 -59.999 2 2 0
0.609926 -60.0214 -60.0214 2 2 0
0.605783 -60.0438 -60.0438 2 2 0
0.601622 -60.0661 -60.0661 2 2 0
0.597441 -60.0883 -60.0883 2 2 0
0.593237 -60.1105 -60.1105 2 2 0
0.58901 -60.1325 -60.1325 2 2 0
0.584758 -60.1546 -60.1546 2 2 0
0.580479 -60.1765 -60.1765 2 2 0
0.576172 -60.1985 -60.1985 2 2 0
0.571833 -60.2204 -60.2204 2 2 0
0.567462 -60.2423 -60.2423 2 2 0
0.563056 -60.2643 -60.2643 2 2 0
0.558613 -60.2862 -60.2862 2 2 0
0.554131 -60.3081 -60.3081 2 2 0
0.549607 -60.3301 -60.3301 2 2 0
0.54504 -60.3521 -60.3521 2 2 0
0.540426 -60.3741 -60.3741 2 2 0
0.535763 -60.3962 -60.3962 2 2 0
0.531049 -60.4184 -60.4184 2 2 0
0.526281 -60.4406 -60.4406 2 2 0
0.521455 -60.4629 -60.4629 2 2 0
0.51657 -60.4854 -60.4854 2 2 0
0.511622 -60.5079 -60.5079 2 2 0
0.506608 -60.5305 -60.5305 2 2 0
0.501525 -60.5533 -60.5533 2 2 0
0.49637 -60.5762 -60.5762 2 2 0
0.49114 -60.5992 -60.5992 2 2 0
0.485832 -60.6225 -60.6225 2 2 0
0.480441 -60.6458 -60.6458 2 2 0
0.474965 -60.6694 -60.6694 2 2 0
0.469399 -60.6931 -60.6931 2 2 0
0.463742 -60.717 -60.717 2 2 0
0.457988 -60.7411 -60.7411 2 2 0
0.452134 -60.7655 -60.7655 2 2 0
0.446176 -60.79 -60.79 2 2 0
0.440111 -60.8148 -60.8148 2 2 0
0.433934 -60.8398 -60.8398 2 2 0
0.427642 -60.8651 -60.8651 2 2 0
0.42123 -60.8906 -60.8906 2 2 0
0.414696 -60.9164 -60.9164 2 2 0
0.408033 -60.9425 -60.9425 2 2 0
0.401239 -60.9688 -60.9688 2 2 0
0.39431 -60.9954 -60.9954 2 2 0
0.38724 -61.0224 -61.0224 2 2 0
0.380027 -61.0496 -61.0496 2 2 0
0.372665 -61.0771 -61.0771 2 2 0
0.365152 -61.1049 -61.1049 2 2 0
0.357481 -61.133 -61.133 2 2 0
0.34965 -61.1615 -61.1615 2 2 0
0.341653 -61.1903 -61.1903 2 2 0
0.333487 -61.2194 -61.2194 2 2 0
0.325148 -61.2488 -61.2488 2 2 0
0.316632 -61.2785 -61.2785 2 2 0
0.307934 -61.3086 -61.3086 2 2 0
0.29905 -61.3391 -61.3391 2 2 0
0.289976 -61.3698 -61.3698 2 2 0
0.280708 -61.4009 -61.4009 2 2 0
0.271243 -61.4324 -61.4324 2 2 0
0.261576 -61.4642 -61.4642 2 2 0
0.251704 -61.4963 -61.4963 2 2 0
0.241622 -61.5288 -61.5288 2 2 0
0.231328 -61.5616 -61.5616 2 2 0
0.220817 -61.5947 -61.5947 2 2 0
0.210087 -61.6282 -61.6282 2 2 0
0.199133 -61.662 -61.662 2 2 0
0.187952 -61.6961 -61.6961 2 2 0
0.176542 -61.7305 -61.7305 2 2 0
0.164898 -61.7653 -61.7653 2 2 0
0.153019 -61.8003 -61.8003 2 2 0
0.140902 -61.8357 -61.8357 2 2 0
0.128543 -61.8714 -61.8714 2 2 0
0.11594 -61.9073 -61.9073 2 2 0
0.103091 -61.9436 -61.9436 2 2 0
0.0899941 -61.9801 -61.9801 2 2 0
0.0766463 -62.0169 -62.0169 2 2 0
0.0630459 -62.054 -62.054 2 2 0
0.0491914 -62.0913 -62.0913 2 2 0
0.0350811 -62.1289 -62.1289 2 2 0
0.0207136 -62.1667 -62.1667 2 2 0
0.00608766 -62.2047 -62.2047 2 2 0
-0.0087977 -62.243 -62.243 2 2 0
-0.0239433 -62.2815 -62.2815 2 2 0
-0.0393498 -62.3202 -62.3202 2 2 0
-0.0550176 -62.359 -62.359 2 2 0
-0.0709468 -62.3981 -62.3981 2 2 0
-0.0871375 -62.4373 -62.4373 2 2 0
-0.103589 -62.4767 -62.4767 2 2 0
-0.120302 -62.5162 -62.5162 2 2 0
-0.137275 -62.5559 -62.5559 2 2 0
-0.154507 -62.5956 -62.5956 2 2 0
-0.171996 -62.6355 -62.6355 2 2 0
-0.189742 -62.6755 -62.6755 2 2 0
-0.207742 -62.7156 -62.7156 2 2 0
-0.225996 -62.7558 -62.7558 2 2 0
-0.244499 -62.796 -62.796 2 2 0
-0.26325 -62.8363 -62.8363 2 2 0
-0.282246 -62.8766 -62.8766 2 2 0
-0.301484 -62.917 -62.917 2 2 0
-0.32096 -62.9574 -62.9574 2 2 0
-0.34067 -62.9977 -62.9977 2 2 0
-0.360611 -63.0381 -63.0381 2 2 0
-0.380777 -63.0784 -63.0784 2 2 0
-0.401165 -63.1187 -63.1187 2 2 0
-0.421769 -63.159 -63.159 2 2 0
-0.442583 -63.1992 -63.1992 2 2 0
-0.463601 -63.2393 -63.2393 2 2 0
-0.484819 -63.2793 -63.2793 2 2 0
-0.506227 -63.3192 -63.3192 2 2 0
-0.527821 -63.359 -63.359 2 2 0
-0.549592 -63.3986 -63.3986 2 2 0
-0.571533 -63.4382 -63.4382 2 2 0
-0.593635 -63.4775 -63.4775 2 2 0
-0.61589 -63.5167 -63.5167 2 2 0
-0.638288 -63.5557 -63.5557 2 2 0
-0.66082 -63.5945 -63.5945 2 2 0
-0.683476 -63.6331 -63.6331 2 2 0
-0.706246 -63.6714 -63.6714 2 2 0
-0.729118 -63.7095 -63.7095 2 2 0
-0.75208 -63.7473 -63.7473 2 2 0
-0.775122 -63.7849 -63.7849 2 2 0
-0.798229 -63.8222 -63.8222 2 2 0
-0.82139 -63.8591 -63.8591 2 2 0
-0.844589 -63.8958 -63.8958 2 2 0
-0.867814 -63.9321 -63.9321 2 2 0
-0.891049 -63.968 -63.968 2 2 0
-0.914279 -64.0036 -64.0036 2 2 0
-0.937487 -64.0388 -64.0388 2 2 0
-0.960657 -64.0736 -64.0736 2 2 0
-0.983771 -64.1079 -64.1079 2 2 0
-1.00681 -64.1418 -64.1418 2 2 0
-1.02976 -64.1753 -64.1753 2 2 0
-1.0526 -64.2083 -64.2083 2 2 0
-1.0753 -64.2408 -64.2408 2 2 0
-1.09785 -64.2728 -64.2728 2 2 0
-1.12023 -64.3042 -64.3042 2 2 0
-1.14241 -64.3351 -64.3351 2 2 0
-1.16437 -64.3654 -64.3654 2 2 0
-1.18609 -64.3952 -64.3952 2 2 0
-1.20754 -64.4243 -64.4243 2 2 0
-1.22869 -64.4527 -64.4527 2 2 0
-1.24953 -64.4806 -64.4806 2 2 0
-1.27001 -64.5077 -64.5077 2 2 0
-1.29013 -64.5341 -64.5341 2 2 0
-1.30984 -64.5598 -64.5598 2 2 0
-1.32911 -64.5848 -64.5848 2 2 0
-1.34793 -64.609 -64.609 2 2 0
-1.36625 -64.6323 -64.6323 2 2 0
-1.38405 -64.6549 -64.6549 2 2 0
-1.4013 -64.6766 -64.6766 2 2 0
-1.41795 -64.6974 -64.6974 2 2 0
-1.43399 -64.7173 -64.7173 2 2 0
-1.44937 -64.7362 -64.7362 2 2 0
-1.46407 -64.7542 -64.7542 2 2 0
-1.47804 -64.7712 -64.7712 2 2 0
-1.49126 -64.7872 -64.7872 2 2 0
-1.5037 -64.8021 -64.8021 2 2 0
-1.51531 -64.816 -64.816 2 2 0
-1.52607 -64.8287 -64.8287 2 2 0
-1.53594 -64.8403 -64.8403 2 2 0
-1.54489 -64.8507 -64.8507 2 2 0
-1.55289 -64.86 -64.86 2 2 0
-1.55991 -64.868 -64.868 2 2 0
-1.56592 -64.8748 -64.8748 2 2 0
-1.5709 -64.8802 -64.8802 2 2 0
-1.57481 -64.8844 -64.8844 2 2 0
-1.57764 -64.8873 -64.8873 2 2 0
-1.57936 -64.8888 -64.8888 2 2 0
-1.57996 -64.889 -64.889 2 2 0
-1.57996 -64.889 -64.889 2 2 0
-1.57938 -64.8877 -64.8877 2 2 0
-1.57765 -64.8851 -64.8851 2 2 0
-1.57474 -64.881 -64.881 2 2 0
-1.57066 -64.8755 -64.8755 2 2 0
-1.56539 -64.8685 -64.8685 2 2 0
-1.55894 -64.86 -64.86 2 2 0
-1.5513 -64.8501 -64.8501 2 2 0
-1.54247 -64.8387 -64.8387 2 2 0
-1.53247 -64.8259 -64.8259 2 2 0
-1.5213 -64.8115 -64.8115 2 2 0
-1.50898 -64.7957 -64.7957 2 2 0
-1.49552 -64.7784 -64.7784 2 2 0
-1.48094 -64.7596 -64.7596 2 2 0
-1.46526 -64.7393 -64.7393 2 2 0
-1.44851 -64.7176 -64.7176 2 2 0
-1.43071 -64.6944 -64.6944 2 2 0
-1.41189 -64.6698 -64.6698 2 2 0
-1.39208 -64.6437 -64.6437 2 2 0
-1.37131 -64.6162 -64.6162 2 2 0
-1.34961 -64.5873 -64.5873 2 2 0
-1.32703 -64.557 -64.557 2 2 0
-1.30358 -64.5254 -64.5254 2 2 0
-1.27932 -64.4923 -64.4923 2 2 0
-1.25427 -64.4579 -64.4579 2 2 0
-1.22847 -64.4222 -64.4222 2 2 0
-1.20197 -64.3851 -64.3851 2 2 0
-1.17479 -64.3468 -64.3468 2 2 0
-1.14699 -64.3071 -64.3071 2 2 0
-1.11859 -64.2662 -64.2662 2 2 0
-1.08963 -64.2241 -64.2241 2 2 0
-1.06015 -64.1807 -64.1807 2 2 0
-1.03019 -64.136 -64.136 2 2 0
-0.999777 -64.0902 -64.0902 2 2 0
-0.968959 -64.0432 -64.0432 2 2 0
-0.937766 -63.995 -63.995 2 2 0
-0.906233 -63.9456 -63.9456 2 2 0
-0.874396 -63.8951 -63.8951 2 2 0
-0.842287 -63.8434 -63.8434 2 2 0
-0.809939 -63.7906 -63.7906 2 2 0
-0.777386 -63.7367 -63.7367 2 2 0
-0.744658 -63.6817 -63.6817 2 2 0
-0.711783 -63.6256 -63.6256 2 2 0
-0.678795 -63.5685 -63.5685 2 2 0
-0.645724 -63.5102 -63.5102 2 2 0
-0.612598 -63.4509 -63.4509 2 2 0
-0.579445 -63.3906 -63.3906 2 2 0
-0.546293 -63.3292 -63.3292 2 2 0
-0.513168 -63.2669 -63.2669 2 2 0
-0.480097 -63.2035 -63.2035 2 2 0
-0.447105 -63.1391 -63.1391 2 2 0
-0.414216 -63.0737 -63.0737 2 2 0
-0.381454 -63.0073 -63.0073 2 2 0
-0.348847 -62.94 -62.94 2 2 0
-0.316412 -62.8717 -62.8717 2 2 0
-0.284174 -62.8024 -62.8024 2 2 0
-0.252151 -62.7322 -62.7322 2 2 0
-0.220366 -62.6611 -62.6611 2 2 0
-0.188838 -62.5891 -62.5891 2 2 0
-0.157587 -62.5162 -62.5162 2 2 0
-0.12663 -62.4423 -62.4423 2 2 0
-0.0959865 -62.3676 -62.3676 2 2 0
-0.0656732 -62.292 -62.292 2 2 0
-0.0357066 -62.2156 -62.2156 2 2 0
-0.00610262 -62.1383 -62.1383 2 2 0
0.0231236 -62.0602 -62.0602 2 2 0
0.0519576 -61.9812 -61.9812 2 2 0
0.0803857 -61.9015 -61.9015 2 2 0
0.108395 -61.8209 -61.8209 2 2 0
0.135973 -61.7396 -61.7396 2 2 0
0.163108 -61.6576 -61.6576 2 2 0
0.189789 -61.5747 -61.5747 2 2 0
0.216007 -61.4912 -61.4912 2 2 0
0.241752 -61.4069 -61.4069 2 2 0
0.267015 -61.3219 -61.3219 2 2 0
0.291789 -61.2363 -61.2363 2 2 0
0.316066 -61.15 -61.15 2 2 0
0.339841 -61.063 -61.063 2 2 0
0.363107 -60.9755 -60.9755 2 2 0
0.38586 -60.8873 -60.8873 2 2 0
0.408095 -60.7985 -60.7985 2 2 0
0.42981 -60.7091 -60.7091 2 2 0
0.451002 -60.6192 -60.6192 2 2 0
0.471668 -60.5287 -60.5287 2 2 0
0.491808 -60.4377 -60.4377 2 2 0
0.511421 -60.3462 -60.3462 2 2 0
0.530507 -60.2543 -60.2543 2 2 0
0.549067 -60.1618 -60.1618 2 2 0
0.567101 -60.069 -60.069 2 2 0
0.584613 -59.9757 -59.9757 2 2 0
0.601605 -59.8819 -59.8819 2 2 0
0.618079 -59.7878 -59.7878 2 2 0
0.634039 -59.6933 -59.6933 2 2 0
0.649489 -59.5985 -59.5985 2 2 0
0.664434 -59.5033 -59.5033 2 2 0
0.678879 -59.4078 -59.4078 2 2 0
0.69283 -59.3119 -59.3119 2 2 0
0.706291 -59.2158 -59.2158 2 2 0
0.719269 -59.1194 -59.1194 2 2 0
0.731771 -59.0227 -59.0227 2 2 0
0.743803 -58.9258 -58.9258 2 2 0
0.755373 -58.8287 -58.8287 2 2 0
0.766487 -58.7313 -58.7313 2 2 0
0.777153 -58.6337 -58.6337 2 2 0
0.787379 -58.5359 -58.5359 2 2 0
0.797173 -58.4379 -58.4379 2 2 0
0.806542 -58.3398 -58.3398 2 2 0
0.815495 -58.2415 -58.2415 2 2 0
0.824041 -58.143 -58.143 2 2 0
0.832186 -58.0444 -58.0444 2 2 0
0.83994 -57.9457 -57.9457 2 2 0
0.847311 -57.8468 -57.8468 2 2 0
0.854307 -57.7478 -57.7478 2 2 0
0.860938 -57.6488 -57.6488 2 2 0
0.867211 -57.5496 -57.5496 2 2 0
0.873134 -57.4503 -57.4503 2 2 0
0.878716 -57.351 -57.351 2 2 0
0.883966 -57.2516 -57.2516 2 2 0
0.888892 -57.1521 -57.1521 2 2 0
0.893501 -57.0525 -57.0525 2 2 0
0.894718 -57.0243 -57.0243 1 2 0
0.898965 -56.9247 -56.9247 1 2 0
0.902883 -56.825 -56.825 1 2 0
0.906511 -56.7253 -56.7253 1 2 0
0.909857 -56.6255 -56.6255 1 2 0
0.912929 -56.5257 -56.5257 1 2 0
0.915734 -56.4259 -56.4259 1 2 0
0.91828 -56.326 -56.326 1 2 0
0.920574 -56.2262 -56.2262 1 2 0
0.922623 -56.1262 -56.1262 1 2 0
0.924435 -56.0263 -56.0263 1 2 0
0.926016 -55.9264 -55.9264 1 2 0
0.927374 -55.8264 -55.8264 1 2 0
0.928515 -55.7264 -55.7264 1 2 0
0.929445 -55.6264 -55.6264 1 2 0
0.930171 -55.5265 -55.5265 1 2 0
0.9307 -55.4265 -55.4265 1 2 0
0.931037 -55.3265 -55.3265 1 2 0
0.93119 -55.2265 -55.2265 1 2 0
0.9312 -55.192 -55.192 2 2 0
0.931112 -55.092 -55.092 2 2 0
0.930853 -54.992 -54.992 2 2 0
0.930428 -54.892 -54.892 2 2 0
0.929842 -54.792 -54.792 2 2 0
0.929101 -54.6921 -54.6921 2 2 0
0.92821 -54.5921 -54.5921 2 2 0
0.927175 -54.4921 -54.4921 2 2 0
0.925999 -54.3921 -54.3921 2 2 0
0.924689 -54.2922 -54.2922 2 2 0
0.923249 -54.1922 -54.1922 2 2 0
0.921683 -54.0922 -54.0922 2 2 0
0.919996 -53.9923 -53.9923 2 2 0
0.918193 -53.8924 -53.8924 2 2 0
0.916277 -53.7925 -53.7925 2 2 0
0.914254 -53.6925 -53.6925 2 2 0
0.912126 -53.5926 -53.5926 2 2 0
0.909899 -53.4927 -53.4927 2 2 0
0.907575 -53.3928 -53.3928 2 2 0
0.905159 -53.293 -53.293 2 2 0
0.902654 -53.1931 -53.1931 2 2 0
0.900064 -53.0932 -53.0932 2 2 0
0.897393 -52.9934 -52.9934 2 2 0
0.894716 -52.8962 -52.8962 2 2 0
0.891894 -52.7964 -52.7964 2 2 0
0.888999 -52.6965 -52.6965 2 2 0
0.886036 -52.5967 -52.5967 2 2 0
0.883007 -52.4969 -52.4969 2 2 0
0.879915 -52.3971 -52.3971 2 2 0
0.876763 -52.2973 -52.2973 2 2 0
0.873554 -52.1975 -52.1975 2 2 0
0.87029 -52.0978 -52.0978 2 2 0
0.866974 -51.998 -51.998 2 2 0
0.863609 -51.8982 -51.8982 2 2 0
0.860197 -51.7985 -51.7985 2 2 0
0.856741 -51.6987 -51.6987 2 2 0
0.853242 -51.599 -51.599 2 2 0
0.849703 -51.4992 -51.4992 2 2 0
0.846126 -51.3995 -51.3995 2 2 0
0.842514 -51.2998 -51.2998 2 2 0
0.838868 -51.2001 -51.2001 2 2 0
0.83519 -51.1003 -51.1003 2 2 0
0.831481 -51.0006 -51.0006 2 2 0
0.827745 -50.9009 -50.9009 2 2 0
0.823983 -50.8012 -50.8012 2 2 0
0.820195 -50.7015 -50.7015 2 2 0
0.816385 -50.6018 -50.6018 2 2 0
0.812553 -50.5021 -50.5021 2 2 0
0.808702 -50.4024 -50.4024 2 2 0
0.804831 -50.3028 -50.3028 2 2 0
0.800944 -50.2031 -50.2031 2 2 0
0.79704 -50.1034 -50.1034 2 2 0
0.793122 -50.0037 -50.0037 2 2 0
0.789191 -49.904 -49.904 2 2 0
0.785248 -49.8044 -49.8044 2 2 0
0.781293 -49.7047 -49.7047 2 2 0
0.777328 -49.605 -49.605 2 2 0
0.773355 -49.5053 -49.5053 2 2 0
0.769373 -49.4057 -49.4057 2 2 0
0.765384 -49.306 -49.306 2 2 0
0.761388 -49.2063 -49.2063 2 2 0
0.757387 -49.1067 -49.1067 2 2 0
0.753381 -49.007 -49.007 2 2 0
0.74937 -48.9074 -48.9074 2 2 0
0.745356 -48.8077 -48.8077 2 2 0
0.741339 -48.708 -48.708 2 2 0
0.737319 -48.6084 -48.6084 2 2 0
0.733297 -48.5087 -48.5087 2 2 0
0.729273 -48.4091 -48.4091 2 2 0
0.725248 -48.3094 -48.3094 2 2 0
0.721222 -48.2097 -48.2097 2 2 0
0.717195 -48.1101 -48.1101 2 2 0
0.713167 -48.0104 -48.0104 2 2 0
0.709138 -47.9108 -47.9108 2 2 0
0.70511 -47.8111 -47.8111 2 2 0
0.70108 -47.7114 -47.7114 2 2 0
0.69705 -47.6118 -47.6118 2 2 0
0.69302 -47.5121 -47.5121 2 2 0
0.688989 -47.4125 -47.4125 2 2 0
0.94857 -55.3487 -55.3487 2 2 0
0.94857 -55.3345 -55.3345 2 2 0
0.948562 -55.3203 -55.3203 2 2 0
0.94854 -55.2919 -55.2919 2 2 0
0.948453 -55.2348 -55.2348 2 2 0
0.948261 -55.163 -55.163 2 2 0
0.947978 -55.0906 -55.0906 2 2 0
0.947604 -55.0176 -55.0176 2 2 0
0.947139 -54.9442 -54.9442 2 2 0
0.946584 -54.8702 -54.8702 2 2 0
0.945939 -54.7957 -54.7957 2 2 0
0.945205 -54.7207 -54.7207 2 2 0
0.944382 -54.6451 -54.6451 2 2 0
0.943471 -54.5691 -54.5691 2 2 0
0.942472 -54.4926 -54.4926 2 2 0
0.941386 -54.4156 -54.4156 2 2 0
0.940214 -54.3381 -54.3381 2 2 0
0.938957 -54.2601 -54.2601 2 2 0
0.937615 -54.1817 -54.1817 2 2 0
0.93619 -54.1028 -54.1028 2 2 0
0.934683 -54.0234 -54.0234 2 2 0
0.933094 -53.9436 -53.9436 2 2 0
0.931425 -53.8633 -53.8633 2 2 0
0.929678 -53.7826 -53.7826 2 2 0
0.927852 -53.7015 -53.7015 2 2 0
0.92595 -53.62 -53.62 2 2 0
0.923972 -53.538 -53.538 2 2 0
0.921921 -53.4556 -53.4556 2 2 0
0.919796 -53.3729 -53.3729 2 2 0
0.917601 -53.2897 -53.2897 2 2 0
0.915335 -53.2061 -53.2061 2 2 0
0.913001 -53.1222 -53.1222 2 2 0
0.910601 -53.0379 -53.0379 2 2 0
0.908134 -52.9532 -52.9532 2 2 0
0.905604 -52.8682 -52.8682 2 2 0
0.903011 -52.7828 -52.7828 2 2 0
0.900357 -52.697 -52.697 2 2 0
0.897644 -52.611 -52.611 2 2 0
0.894873 -52.5246 -52.5246 2 2 0
0.892046 -52.4378 -52.4378 2 2 0
0.889164 -52.3508 -52.3508 2 2 0
0.886229 -52.2634 -52.2634 2 2 0
0.883243 -52.1757 -52.1757 2 2 0
0.880206 -52.0877 -52.0877 2 2 0
0.877122 -51.9995 -51.9995 2 2 0
0.87399 -51.9109 -51.9109 2 2 0
0.870813 -51.8221 -51.8221 2 2 0
0.867593 -51.733 -51.733 2 2 0
0.86433 -51.6436 -51.6436 2 2 0
0.861027 -51.554 -51.554 2 2 0
0.857684 -51.4641 -51.4641 2 2 0
0.854305 -51.3739 -51.3739 2 2 0
0.850889 -51.2835 -51.2835 2 2 0
0.847438 -51.1929 -51.1929 2 2 0
0.843955 -51.1021 -51.1021 2 2 0
0.840439 -51.011 -51.011 2 2 0
0.836894 -50.9197 -50.9197 2 2 0
0.833319 -50.8282 -50.8282 2 2 0
0.829717 -50.7364 -50.7364 2 2 0
0.826089 -50.6445 -50.6445 2 2 0
0.822435 -50.5524 -50.5524 2 2 0
0.818759 -50.46 -50.46 2 2 0
0.815059 -50.3675 -50.3675 2 2 0
0.811339 -50.2748 -50.2748 2 2 0
0.807599 -50.1819 -50.1819 2 2 0
0.80384 -50.0889 -50.0889 2 2 0
0.800063 -49.9956 -49.9956 2 2 0
0.796269 -49.9022 -49.9022 2 2 0
0.792461 -49.8087 -49.8087 2 2 0
0.788637 -49.715 -49.715 2 2 0
0.7848 -49.6211 -49.6211 2 2 0
0.780951 -49.5271 -49.5271 2 2 0
0.777089 -49.4329 -49.4329 2 2 0
0.773217 -49.3386 -49.3386 2 2 0
0.769335 -49.2442 -49.2442 2 2 0
0.765444 -49.1496 -49.1496 2 2 0
0.761545 -49.0549 -49.0549 2 2 0
0.757637 -48.9601 -48.9601 2 2 0
0.753723 -48.8651 -48.8651 2 2 0
0.749802 -48.77 -48.77 2 2 0
0.745876 -48.6749 -48.6749 2 2 0
0.741944 -48.5796 -48.5796 2 2 0
0.738007 -48.4842 -48.4842 2 2 0
0.734066 -48.3887 -48.3887 2 2 0
0.730121 -48.2931 -48.2931 2 2 0
0.726172 -48.1974 -48.1974 2 2 0
0.72222 -48.1016 -48.1016 2 2 0
0.718265 -48.0057 -48.0057 2 2 0
0.714308 -47.9097 -47.9097 2 2 0
0.710347 -47.8136 -47.8136 2 2 0
0.706385 -47.7175 -47.7175 2 2 0
0.702419 -47.6213 -47.6213 2 2 0
0.698452 -47.525 -47.525 2 2 0
0.694482 -47.4286 -47.4286 2 2 0
0.690509 -47.3321 -47.3321 2 2 0
0.686534 -47.2356 -47.2356 2 2 0
0.682556 -47.139 -47.139 2 2 0
0.678575 -47.0424 -47.0424 2 2 0
0.674591 -46.9457 -46.9457 2 2 0
0.670603 -46.8489 -46.8489 2 2 0
0.666611 -46.7521 -46.7521 2 2 0
0.662614 -46.6552 -46.6552 2 2 0
0.658612 -46.5583 -46.5583 2 2 0
0.654605 -46.4613 -46.4613 2 2 0
0.650591 -46.3643 -46.3643 2 2 0
0.646571 -46.2673 -46.2673 2 2 0
0.642542 -46.1702 -46.1702 2 2 0
0.638505 -46.073 -46.073 2 2 0
0.634459 -45.9758 -45.9758 2 2 0
0.630402 -45.8786 -45.8786 2 2 0
0.626334 -45.7814 -45.7814 2 2 0
0.622254 -45.6841 -45.6841 2 2 0
0.61816 -45.5868 -45.5868 2 2 0
0.614051 -45.4895 -45.4895 2 2 0
0.609926 -45.3921 -45.3921 2 2 0
0.605783 -45.2947 -45.2947 2 2 0
0.601622 -45.1973 -45.1973 2 2 0
0.597441 -45.0999 -45.0999 2 2 0
0.593237 -45.0025 -45.0025 2 2 0
0.58901 -44.9051 -44.9051 2 2 0
0.584758 -44.8076 -44.8076 2 2 0
0.580479 -44.7101 -44.7101 2 2 0
0.576172 -44.6127 -44.6127 2 2 0
0.571833 -44.5152 -44.5152 2 2 0
0.567462 -44.4177 -44.4177 2 2 0
0.563056 -44.3203 -44.3203 2 2 0
0.558613 -44.2228 -44.2228 2 2 0
0.554131 -44.1253 -44.1253 2 2 0
0.549607 -44.0279 -44.0279 2 2 0
0.54504 -43.9305 -43.9305 2 2 0
0.540426 -43.833 -43.833 2 2 0
0.535763 -43.7356 -43.7356 2 2 0
0.531049 -43.6382 -43.6382 2 2 0
0.526281 -43.5408 -43.5408 2 2 0
0.521455 -43.4435 -43.4435 2 2 0
0.51657 -43.3462 -43.3462 2 2 0
0.511622 -43.2488 -43.2488 2 2 0
0.506608 -43.1516 -43.1516 2 2 0
0.501525 -43.0543 -43.0543 2 2 0
0.49637 -42.9571 -42.9571 2 2 0
0.49114 -42.86 -42.86 2 2 0
0.485832 -42.7628 -42.7628 2 2 0
0.480441 -42.6658 -42.6658 2 2 0
0.474965 -42.5687 -42.5687 2 2 0
0.469399 -42.4718 -42.4718 2 2 0
0.463742 -42.3748 -42.3748 2 2 0
0.457988 -42.278 -42.278 2 2 0
0.452134 -42.1811 -42.1811 2 2 0
0.446176 -42.0844 -42.0844 2 2 0
0.440111 -41.9877 -41.9877 2 2 0
0.433934 -41.8911 -41.8911 2 2 0
0.427642 -41.7945 -41.7945 2 2 0
0.42123 -41.6981 -41.6981 2 2 0
0.414696 -41.6017 -41.6017 2 2 0
0.408033 -41.5054 -41.5054 2 2 0
0.401239 -41.4091 -41.4091 2 2 0
0.39431 -41.313 -41.313 2 2 0
0.38724 -41.217 -41.217 2 2 0
0.380027 -41.121 -41.121 2 2 0
0.372665 -41.0252 -41.0252 2 2 0
0.365152 -40.9294 -40.9294 2 2 0
0.357481 -40.8338 -40.8338 2 2 0
0.34965 -40.7382 -40.7382 2 2 0
0.341653 -40.6428 -40.6428 2 2 0
0.333487 -40.5475 -40.5475 2 2 0
0.325148 -40.4523 -40.4523 2 2 0
0.316632 -40.3572 -40.3572 2 2 0
0.307934 -40.2622 -40.2622 2 2 0
0.29905 -40.1674 -40.1674 2 2 0
0.289976 -40.0727 -40.0727 2 2 0
0.280708 -39.9781 -39.9781 2 2 0
0.271243 -39.8837 -39.8837 2 2 0
0.261576 -39.7894 -39.7894 2 2 0
0.251704 -39.6952 -39.6952 2 2 0
0.241622 -39.6012 -39.6012 2 2 0
0.231328 -39.5073 -39.5073 2 2 0
0.220817 -39.4135 -39.4135 2 2 0
0.210087 -39.3199 -39.3199 2 2 0
0.199133 -39.2264 -39.2264 2 2 0
0.187952 -39.1331 -39.1331 2 2 0
0.176542 -39.0399 -39.0399 2 2 0
0.164898 -38.9469 -38.9469 2 2 0
0.153019 -38.854 -38.854 2 2 0
0.140902 -38.7613 -38.7613 2 2 0
0.128543 -38.6687 -38.6687 2 2 0
0.11594 -38.5763 -38.5763 2 2 0
0.103091 -38.484 -38.484 2 2 0
0.0899941 -38.3918 -38.3918 2 2 0
0.0766463 -38.2998 -38.2998 2 2 0
0.0630459 -38.208 -38.208 2 2 0
0.0491914 -38.1163 -38.1163 2 2 0
0.0350811 -38.0247 -38.0247 2 2 0
0.0207136 -37.9333 -37.9333 2 2 0
0.00608766 -37.842 -37.842 2 2 0
-0.0087977 -37.7508 -37.7508 2 2 0
-0.0239433 -37.6598 -37.6598 2 2 0
-0.0393498 -37.5689 -37.5689 2 2 0
-0.0550176 -37.4781 -37.4781 2 2 0
-0.0709468 -37.3875 -37.3875 2 2 0
-0.0871375 -37.297 -37.297 2 2 0
-0.103589 -37.2065 -37.2065 2 2 0
-0.120302 -37.1162 -37.1162 2 2 0
-0.137275 -37.0261 -37.0261 2 2 0
-0.154507 -36.936 -36.936 2 2 0
-0.171996 -36.846 -36.846 2 2 0
-0.189742 -36.7561 -36.7561 2 2 0
-0.207742 -36.6663 -36.6663 2 2 0
-0.225996 -36.5766 -36.5766 2 2 0
-0.244499 -36.487 -36.487 2 2 0
-0.26325 -36.3975 -36.3975 2 2 0
-0.282246 -36.308 -36.308 2 2 0
-0.301484 -36.2186 -36.2186 2 2 0
-0.32096 -36.1292 -36.1292 2 2 0
-0.34067 -36.0399 -36.0399 2 2 0
-0.360611 -35.9507 -35.9507 2 2 0
-0.380777 -35.8615 -35.8615 2 2 0
-0.401165 -35.7723 -35.7723 2 2 0
-0.421769 -35.6831 -35.6831 2 2 0
-0.442583 -35.594 -35.594 2 2 0
-0.463601 -35.5049 -35.5049 2 2 0
-0.484819 -35.4158 -35.4158 2 2 0
-0.506227 -35.3267 -35.3267 2 2 0
-0.527821 -35.2376 -35.2376 2 2 0
-0.549592 -35.1485 -35.1485 2 2 0
-0.571533 -35.0593 -35.0593 2 2 0
-0.593635 -34.9702 -34.9702 2 2 0
-0.61589 -34.8809 -34.8809 2 2 0
-0.638288 -34.7917 -34.7917 2 2 0
-0.66082 -34.7024 -34.7024 2 2 0
-0.683476 -34.613 -34.613 2 2 0
-0.706246 -34.5236 -34.5236 2 2 0
-0.729118 -34.4341 -34.4341 2 2 0
-0.75208 -34.3445 -34.3445 2 2 0
-0.775122 -34.2548 -34.2548 2 2 0
-0.798229 -34.165 -34.165 2 2 0
-0.82139 -34.0751 -34.0751 2 2 0
-0.844589 -33.9851 -33.9851 2 2 0
-0.867814 -33.8949 -33.8949 2 2 0
-0.891049 -33.8046 -33.8046 2 2 0
-0.914279 -33.7142 -33.7142 2 2 0
-0.937487 -33.6236 -33.6236 2 2 0
-0.960657 -33.5328 -33.5328 2 2 0
-0.983771 -33.4419 -33.4419 2 2 0
-1.00681 -33.3508 -33.3508 2 2 0
-1.02976 -33.2595 -33.2595 2 2 0
-1.0526 -33.168 -33.168 2 2 0
-1.0753 -33.0763 -33.0763 2 2 0
-1.09785 -32.9844 -32.9844 2 2 0
-1.12023 -32.8923 -32.8923 2 2 0
-1.14241 -32.7999 -32.7999 2 2 0
-1.16437 -32.7073 -32.7073 2 2 0
-1.18609 -32.6144 -32.6144 2 2 0
-1.20754 -32.5213 -32.5213 2 2 0
-1.22869 -32.4279 -32.4279 2 2 0
-1.24953 -32.3343 -32.3343 2 2 0
-1.27001 -32.2404 -32.2404 2 2 0
-1.29013 -32.1462 -32.1462 2 2 0
-1.30984 -32.0517 -32.0517 2 2 0
-1.32911 -31.957 -31.957 2 2 0
-1.34793 -31.8619 -31.8619 2 2 0
-1.36625 -31.7666 -31.7666 2 2 0
-1.38405 -31.671 -31.671 2 2 0
-1.4013 -31.575 -31.575 2 2 0
-1.41795 -31.4788 -31.4788 2 2 0
-1.43399 -31.3823 -31.3823 2 2 0
-1.44937 -31.2855 -31.2855 2 2 0
-1.46407 -31.1884 -31.1884 2 2 0
-1.47804 -31.091 -31.091 2 2 0
-1.49126 -30.9933 -30.9933 2 2 0
-1.5037 -30.8954 -30.8954 2 2 0
-1.51531 -30.7972 -30.7972 2 2 0
-1.52607 -30.6988 -30.6988 2 2 0
-1.53594 -30.6001 -30.6001 2 2 0
-1.54489 -30.5013 -30.5013 2 2 0
-1.55289 -30.4022 -30.4022 2 2 0
-1.55991 -30.3029 -30.3029 2 2 0
-1.56592 -30.2035 -30.2035 2 2 0
-1.5709 -30.104 -30.104 2 2 0
-1.57481 -30.0043 -30.0043 2 2 0
-1.57764 -29.9046 -29.9046 2 2 0
-1.57936 -29.8048 -29.8048 2 2 0
-1.57996 -29.705 -29.705 2 2 0
-1.57996 -29.703 -29.703 2 2 0
-1.57938 -29.6032 -29.6032 2 2 0
-1.57765 -29.5034 -29.5034 2 2 0
-1.57474 -29.4037 -29.4037 2 2 0
-1.57066 -29.3042 -29.3042 2 2 0
-1.56539 -29.2047 -29.2047 2 2 0
-1.55894 -29.1055 -29.1055 2 2 0
-1.5513 -29.0065 -29.0065 2 2 0
-1.54247 -28.9077 -28.9077 2 2 0
-1.53247 -28.8092 -28.8092 2 2 0
-1.5213 -28.7111 -28.7111 2 2 0
-1.50898 -28.6133 -28.6133 2 2 0
-1.49552 -28.5159 -28.5159 2 2 0
-1.48094 -28.419 -28.419 2 2 0
-1.46526 -28.3225 -28.3225 2 2 0
-1.44851 -28.2265 -28.2265 2 2 0
-1.43071 -28.1311 -28.1311 2 2 0
-1.41189 -28.0362 -28.0362 2 2 0
-1.39208 -27.9419 -27.9419 2 2 0
-1.37131 -27.8482 -27.8482 2 2 0
-1.34961 -27.7551 -27.7551 2 2 0
-1.32703 -27.6627 -27.6627 2 2 0
-1.30358 -27.571 -27.571 2 2 0
-1.27932 -27.4799 -27.4799 2 2 0
-1.25427 -27.3896 -27.3896 2 2 0
-1.22847 -27.3 -27.3 2 2 0
-1.20197 -27.2111 -27.2111 2 2 0
-1.17479 -27.123 -27.123 2 2 0
-1.14699 -27.0357 -27.0357 2 2 0
-1.11859 -26.9491 -26.9491 2 2 0
-1.08963 -26.8634 -26.8634 2 2 0
-1.06015 -26.7784 -26.7784 2 2 0
-1.03019 -26.6942 -26.6942 2 2 0
-0.999777 -26.6108 -26.6108 2 2 0
-0.968959 -26.5283 -26.5283 2 2 0
-0.937766 -26.4465 -26.4465 2 2 0
-0.906233 -26.3656 -26.3656 2 2 0
-0.874396 -26.2855 -26.2855 2 2 0
-0.842287 -26.2063 -26.2063 2 2 0
-0.809939 -26.1279 -26.1279 2 2 0
-0.777386 -26.0503 -26.0503 2 2 0
-0.744658 -25.9736 -25.9736 2 2 0
-0.711783 -25.8977 -25.8977 2 2 0
-0.678795 -25.8227 -25.8227 2 2 0
-0.645724 -25.7485 -25.7485 2 2 0
-0.612598 -25.6752 -25.6752 2 2 0
-0.579445 -25.6027 -25.6027 2 2 0
-0.546293 -25.5312 -25.5312 2 2 0
-0.513168 -25.4605 -25.4605 2 2 0
-0.480097 -25.3906 -25.3906 2 2 0
-0.447105 -25.3217 -25.3217 2 2 0
-0.414216 -25.2536 -25.2536 2 2 0
-0.381454 -25.1865 -25.1865 2 2 0
-0.348847 -25.1202 -25.1202 2 2 0
-0.316412 -25.0548 -25.0548 2 2 0
-0.284174 -24.9904 -24.9904 2 2 0
-0.252151 -24.9268 -24.9268 2 2 0
-0.220366 -24.8642 -24.8642 2 2 0
-0.188838 -24.8025 -24.8025 2 2 0
-0.157587 -24.7417 -24.7417 2 2 0
-0.12663 -24.6818 -24.6818 2 2 0
-0.0959865 -24.6229 -24.6229 2 2 0
-0.0656732 -24.5649 -24.5649 2 2 0
-0.0357066 -24.5079 -24.5079 2 2 0
-0.00610262 -24.4519 -24.4519 2 2 0
0.0231236 -24.3968 -24.3968 2 2 0
0.0519576 -24.3426 -24.3426 2 2 0
0.0803857 -24.2895 -24.2895 2 2 0
0.108395 -24.2373 -24.2373 2 2 0
0.135973 -24.1861 -24.1861 2 2 0
0.163108 -24.1359 -24.1359 2 2 0
0.189789 -24.0866 -24.0866 2 2 0
0.216007 -24.0384 -24.0384 2 2 0
0.241752 -23.9911 -23.9911 2 2 0
0.267015 -23.9449 -23.9449 2 2 0
0.291789 -23.8997 -23.8997 2 2 0
0.316066 -23.8554 -23.8554 2 2 0
0.339841 -23.8122 -23.8122 2 2 0
0.363107 -23.7699 -23.7699 2 2 0
0.38586 -23.7287 -23.7287 2 2 0
0.408095 -23.6885 -23.6885 2 2 0
0.42981 -23.6492 -23.6492 2 2 0
0.451002 -23.611 -23.611 2 2 0
0.471668 -23.5737 -23.5737 2 2 0
0.491808 -23.5375 -23.5375 2 2 0
0.511421 -23.5022 -23.5022 2 2 0
0.530507 -23.4679 -23.4679 2 2 0
0.549067 -23.4346 -23.4346 2 2 0
0.567101 -23.4023 -23.4023 2 2 0
0.584613 -23.3709 -23.3709 2 2 0
0.601605 -23.3404 -23.3404 2 2 0
0.618079 -23.311 -23.311 2 2 0
0.634039 -23.2824 -23.2824 2 2 0
0.649489 -23.2548 -23.2548 2 2 0
0.664434 -23.2281 -23.2281 2 2 0
0.678879 -23.2022 -23.2022 2 2 0
0.69283 -23.1773 -23.1773 2 2 0
0.706291 -23.1533 -23.1533 2 2 0
0.719269 -23.1301 -23.1301 2 2 0
0.731771 -23.1078 -23.1078 2 2 0
0.743803 -23.0863 -23.0863 2 2 0
0.755373 -23.0657 -23.0657 2 2 0
0.766487 -23.0459 -23.0459 2 2 0
0.777153 -23.0269 -23.0269 2 2 0
0.787379 -23.0086 -23.0086 2 2 0
0.797173 -22.9912 -22.9912 2 2 0
0.806542 -22.9744 -22.9744 2 2 0
0.815495 -22.9585 -22.9585 2 2 0
0.824041 -22.9432 -22.9432 2 2 0
0.832186 -22.9287 -22.9287 2 2 0
0.83994 -22.9149 -22.9149 2 2 0
0.847311 -22.9018 -22.9018 2 2 0
0.854307 -22.8893 -22.8893 2 2 0
0.860938 -22.8775 -22.8775 2 2 0
0.867211 -22.8663 -22.8663 2 2 0
0.873134 -22.8557 -22.8557 2 2 0
0.878716 -22.8458 -22.8458 2 2 0
0.883966 -22.8364 -22.8364 2 2 0
0.888892 -22.8276 -22.8276 2 2 0
0.893501 -22.8194 -22.8194 2 2 0
0.894718 -22.8172 -22.8172 1 2 0
0.898965 -22.8097 -22.8097 1 2 0
0.902883 -22.8027 -22.8027 1 2 0
0.906511 -22.7962 -22.7962 1 2 0
0.909857 -22.7902 -22.7902 1 2 0
0.912929 -22.7848 -22.7848 1 2 0
0.915734 -22.7798 -22.7798 1 2 0
0.91828 -22.7752 -22.7752 1 2 0
0.920574 -22.7711 -22.7711 1 2 0
0.922623 -22.7675 -22.7675 1 2 0
0.924435 -22.7643 -22.7643 1 2 0
0.926016 -22.7614 -22.7614 1 2 0
0.927374 -22.759 -22.759 1 2 0
0.928515 -22.757 -22.757 1 2 0
0.929445 -22.7553 -22.7553 1 2 0
0.930171 -22.754 -22.754 1 2 0
0.9307 -22.7531 -22.7531 1 2 0
0.931037 -22.7525 -22.7525 1 2 0
0.93119 -22.7522 -22.7522 1 2 0
0.9312 -22.7522 -22.7522 2 2 0
0.931112 -22.7523 -22.7523 2 2 0
0.930853 -22.7528 -22.7528 2 2 0
0.930428 -22.7536 -22.7536 2 2 0
0.929842 -22.7546 -22.7546 2 2 0
0.929101 -22.7559 -22.7559 2 2 0
0.92821 -22.7575 -22.7575 2 2 0
0.927175 -22.7594 -22.7594 2 2 0
0.925999 -22.7615 -22.7615 2 2 0
0.924689 -22.7638 -22.7638 2 2 0
0.923249 -22.7664 -22.7664 2 2 0
0.921683 -22.7692 -22.7692 2 2 0
0.919996 -22.7722 -22.7722 2 2 0
0.918193 -22.7754 -22.7754 2 2 0
0.916277 -22.7788 -22.7788 2 2 0
0.914254 -22.7824 -22.7824 2 2 0
0.912126 -22.7862 -22.7862 2 2 0
0.909899 -22.7902 -22.7902 2 2 0
0.907575 -22.7943 -22.7943 2 2 0
0.905159 -22.7986 -22.7986 2 2 0
0.902654 -22.8031 -22.8031 2 2 0
0.900064 -22.8077 -22.8077 2 2 0
0.897393 -22.8125 -22.8125 2 2 0
0.894716 -22.8172 -22.8172 2 2 0
0.891894 -22.8223 -22.8223 2 2 0
0.888999 -22.8274 -22.8274 2 2 0
0.886036 -22.8327 -22.8327 2 2 0
0.883007 -22.8381 -22.8381 2 2 0
0.879915 -22.8436 -22.8436 2 2 0
0.876763 -22.8493 -22.8493 2 2 0
0.873554 -22.855 -22.855 2 2 0
0.87029 -22.8608 -22.8608 2 2 0
0.866974 -22.8667 -22.8667 2 2 0
0.863609 -22.8727 -22.8727 2 2 0
0.860197 -22.8788 -22.8788 2 2 0
0.856741 -22.8849 -22.8849 2 2 0
0.853242 -22.8912 -22.8912 2 2 0
0.849703 -22.8975 -22.8975 2 2 0
0.846126 -22.9039 -22.9039 2 2 0
0.842514 -22.9103 -22.9103 2 2 0
0.838868 -22.9168 -22.9168 2 2 0
0.83519 -22.9234 -22.9234 2 2 0
0.831481 -22.93 -22.93 2 2 0
0.827745 -22.9366 -22.9366 2 2 0
0.823983 -22.9433 -22.9433 2 2 0
0.820195 -22.9501 -22.9501 2 2 0
0.816385 -22.9569 -22.9569 2 2 0
0.812553 -22.9637 -22.9637 2 2 0
0.808702 -22.9706 -22.9706 2 2 0
0.804831 -22.9775 -22.9775 2 2 0
0.800944 -22.9844 -22.9844 2 2 0
0.79704 -22.9914 -22.9914 2 2 0
0.793122 -22.9984 -22.9984 2 2 0
0.789191 -23.0054 -23.0054 2 2 0
0.785248 -23.0124 -23.0124 2 2 0
0.781293 -23.0195 -23.0195 2 2 0
0.777328 -23.0265 -23.0265 2 2 0
0.773355 -23.0336 -23.0336 2 2 0
0.769373 -23.0407 -23.0407 2 2 0
0.765384 -23.0478 -23.0478 2 2 0
0.761388 -23.055 -23.055 2 2 0
0.757387 -23.0621 -23.0621 2 2 0
0.753381 -23.0692 -23.0692 2 2 0
0.74937 -23.0764 -23.0764 2 2 0
0.745356 -23.0836 -23.0836 2 2 0
0.741339 -23.0907 -23.0907 2 2 0
0.737319 -23.0979 -23.0979 2 2 0
0.733297 -23.1051 -23.1051 2 2 0
0.729273 -23.1123 -23.1123 2 2 0
0.725248 -23.1194 -23.1194 2 2 0
0.721222 -23.1266 -23.1266 2 2 0
0.717195 -23.1338 -23.1338 2 2 0
0.713167 -23.141 -23.141 2 2 0
0.709138 -23.1482 -23.1482 2 2 0
0.70511 -23.1554 -23.1554 2 2 0
0.70108 -23.1626 -23.1626 2 2 0
0.69705 -23.1698 -23.1698 2 2 0
0.69302 -23.177 -23.177 2 2 0
0.688989 -23.1842 -23.1842 2 2 0
